     0/299     4.51G   0.06874   0.01652         0   0.08525         4       640    0.1692  0.002158    0.1178   0.02401   0.05495   0.01854         0
     1/299     4.53G    0.0515   0.01174         0   0.06324         4       640    0.2392    0.5685    0.2217    0.0444   0.05287   0.01571         0
     2/299     4.53G   0.04544   0.01071         0   0.05615         4       640    0.3346     0.648    0.5013    0.1592   0.04265   0.01582         0
     3/299     4.53G   0.04372   0.01014         0   0.05387         4       640     0.514    0.4541    0.4314    0.1126    0.0462   0.01595         0
     4/299     4.53G   0.04326  0.009936         0   0.05319         4       640    0.5008    0.6403    0.5939    0.2382   0.04016   0.01549         0
     5/299     4.53G   0.04285  0.009977         0   0.05283         4       640    0.2604    0.5995    0.3897    0.1106   0.05298   0.01556         0
     6/299     4.53G   0.04731   0.01031         0   0.05762         4       640    0.3362    0.6378    0.4935    0.1752   0.04668   0.01586         0
     7/299     4.53G   0.04977    0.0101         0   0.05987         4       640    0.2341    0.3056    0.1441   0.03531    0.0597   0.01696         0
     8/299     4.53G   0.05248   0.01089         0   0.06337         4       640    0.2229    0.5434    0.2402   0.04533   0.04907   0.01751         0
     9/299     4.53G   0.05223   0.01087         0    0.0631         4       640    0.3199    0.3468    0.2318   0.05783   0.05528   0.01613         0
    10/299     4.53G   0.04814   0.01057         0   0.05871         4       640    0.3338    0.5587    0.3742    0.1059   0.04776   0.01587         0
    11/299     4.53G   0.04803   0.01047         0    0.0585         4       640    0.3401    0.5357    0.3972    0.1152   0.04631   0.01628         0
    12/299     4.53G   0.04659   0.01046         0   0.05705         4       640     0.252    0.4694    0.2672   0.06219   0.04777   0.01615         0
    13/299     4.53G   0.04433    0.0104         0   0.05472         4       640    0.2062     0.648    0.3483   0.07439   0.04571   0.01591         0
    14/299     4.53G   0.04251   0.01017         0   0.05268         4       640    0.3468    0.7041    0.5352    0.1881   0.04137   0.01572         0
    15/299     4.53G    0.0411   0.01009         0   0.05119         4       640    0.3814    0.6327    0.4895    0.1718   0.04396     0.015         0
    16/299     4.53G   0.04104  0.009902         0   0.05094         4       640    0.3472    0.6454     0.507    0.1648   0.04542   0.01477         0
    17/299     4.53G    0.0426  0.009645         0   0.05225         4       640    0.3311    0.7066    0.5265    0.1644   0.04324   0.01541         0
    18/299     4.53G   0.04143  0.009631         0   0.05106         4       640    0.4173    0.6556    0.5709    0.1897   0.03933   0.01544         0
    19/299     4.53G    0.0408  0.009697         0   0.05049         4       640    0.3753    0.6352    0.5118      0.14   0.04067   0.01549         0
    20/299     4.53G   0.03901  0.009541         0   0.04855         4       640    0.3152    0.7449     0.588    0.1906   0.03945   0.01573         0
    21/299     4.53G   0.03963  0.009508         0   0.04914         4       640    0.2902     0.606    0.4099    0.1049   0.04609   0.01485         0
    22/299     4.53G   0.04117  0.009612         0   0.05078         4       640    0.4486    0.6046    0.5053    0.1783   0.04146   0.01535         0
    23/299     4.53G    0.0377   0.00964         0   0.04734         4       640    0.3523    0.7959     0.649    0.2456   0.03551   0.01546         0
    24/299     4.53G   0.03733  0.009527         0   0.04686         4       640    0.3971     0.648    0.5618    0.1899    0.0395   0.01606         0
    25/299     4.53G    0.0375  0.009475         0   0.04697         4       640    0.3179    0.7092    0.6002    0.2105   0.04023   0.01444         0
    26/299     4.53G   0.03683  0.009312         0   0.04614         4       640    0.3866    0.6735    0.5438     0.182   0.03954   0.01494         0
    27/299     4.53G   0.03694   0.00905         0   0.04599         4       640    0.4279    0.7219    0.5864    0.1847   0.03838   0.01453         0
    28/299     4.53G   0.03678  0.009261         0   0.04605         4       640    0.3811    0.6862    0.6164    0.2163   0.03736    0.0152         0
    29/299     4.53G   0.03541  0.009111         0   0.04452         4       640    0.4282    0.7526    0.6519    0.1914   0.03833   0.01383         0
    30/299     4.53G   0.03482  0.009049         0   0.04387         4       640    0.4267    0.7168    0.6771    0.2661   0.03795   0.01489         0
    31/299     4.53G   0.03498  0.008849         0   0.04382         4       640     0.592    0.7107    0.6813    0.2416   0.03631   0.01502         0
    32/299     4.53G   0.03367  0.008949         0   0.04262         4       640     0.444    0.7641    0.6864    0.2578   0.03596   0.01453         0
    33/299     4.53G   0.03373  0.008754         0   0.04249         4       640    0.4605    0.6786    0.6103    0.2048   0.03935    0.0138         0
    34/299     4.53G   0.03416  0.008941         0    0.0431         4       640    0.5554    0.7234    0.6993    0.2793   0.03493   0.01532         0
    35/299     4.53G   0.03312  0.008684         0   0.04181         4       640    0.5111    0.7347    0.6785    0.2343   0.03891   0.01404         0
    36/299     4.53G   0.03391  0.008711         0   0.04262         4       640    0.6029     0.727    0.7237     0.266   0.03506   0.01559         0
    37/299     4.53G   0.03282  0.008761         0   0.04159         4       640    0.5141    0.7321    0.6875    0.2509   0.04094    0.0131         0
    38/299     4.53G   0.03372  0.008698         0   0.04242         4       640      0.37    0.8087    0.6337    0.2586   0.03619   0.01401         0
    39/299     4.53G   0.03298  0.008509         0   0.04149         4       640    0.5484    0.6862    0.6923    0.2565   0.03786   0.01485         0
    40/299     4.53G   0.03403  0.008768         0    0.0428         4       640    0.3548    0.7449    0.6595    0.2493   0.03957    0.0143         0
    41/299     4.53G   0.03306  0.008521         0   0.04158         4       640    0.4269    0.7398    0.6634    0.2318   0.03802   0.01468         0
    42/299     4.53G   0.03135  0.008372         0   0.03972         4       640    0.4381    0.7117    0.6611    0.2591    0.0378   0.01517         0
    43/299     4.53G   0.03295  0.008399         0   0.04135         4       640    0.6023    0.7577    0.7433    0.2566   0.03838   0.01454         0
    44/299     4.53G   0.03326  0.008386         0   0.04164         4       640    0.5111    0.7219    0.6792    0.2467   0.04012   0.01336         0
    45/299     4.53G   0.03182  0.008336         0   0.04015         4       640    0.4002    0.7194    0.6217    0.1867   0.04183   0.01379         0
    46/299     4.53G    0.0323  0.008232         0   0.04053         4       640    0.4244    0.8444    0.7667    0.3257   0.03656   0.01326         0
    47/299     4.53G    0.0321  0.007988         0   0.04009         4       640    0.4537    0.8061    0.7202    0.2458   0.03685   0.01358         0
    48/299     4.53G   0.03038  0.007943         0   0.03832         4       640    0.5682    0.7679    0.7537    0.3085   0.03574    0.0141         0
    49/299     4.53G   0.03055   0.00791         0   0.03846         4       640    0.3137     0.801    0.6669    0.2473    0.0392   0.01293         0
    50/299     4.53G   0.03098  0.007824         0    0.0388         4       640    0.3135    0.7908    0.6798    0.2731    0.0389   0.01324         0
    51/299     4.53G   0.03162  0.007991         0   0.03961         4       640    0.5773    0.7219    0.7135    0.2581   0.03697   0.01369         0
    52/299     4.53G   0.03002  0.007955         0   0.03797         4       640    0.5233    0.8112    0.7683    0.3194   0.03525   0.01366         0
    53/299     4.53G   0.03037  0.007665         0   0.03803         4       640    0.4045    0.7628     0.662    0.2225    0.0385   0.01377         0
    54/299     4.53G   0.03116  0.007724         0   0.03888         4       640    0.4773     0.801     0.736    0.3231   0.03565   0.01432         0
    55/299     4.53G    0.0298  0.007805         0    0.0376         4       640    0.4755    0.7832    0.7161    0.2404   0.03748   0.01371         0
    56/299     4.53G   0.03004  0.007646         0   0.03768         4       640    0.3427    0.7883    0.6628    0.2367    0.0378   0.01319         0
    57/299     4.53G   0.02988  0.007765         0   0.03764         4       640    0.4643     0.727    0.6989    0.2462   0.03829   0.01369         0
    58/299     4.53G   0.03103  0.007882         0   0.03891         4       640     0.575     0.794    0.7737    0.3175   0.03656   0.01375         0
    59/299     4.53G    0.0282  0.007645         0   0.03584         4       640    0.4716    0.8316    0.7484    0.2693   0.03842   0.01298         0
    60/299     4.53G   0.02936  0.007403         0   0.03676         4       640    0.5569    0.7502    0.7255    0.2602   0.03753   0.01355         0
    61/299     4.53G    0.0301  0.007494         0   0.03759         4       640    0.4304    0.8291    0.7578    0.2817   0.03564    0.0129         0
    62/299     4.53G   0.02992  0.007481         0    0.0374         4       640    0.5737    0.7372    0.6961    0.2347   0.03847   0.01401         0
    63/299     4.53G   0.02918  0.007567         0   0.03675         4       640    0.5391    0.7526    0.7387    0.2725   0.03905   0.01375         0
    64/299     4.53G   0.02894  0.007418         0   0.03636         4       640    0.5826    0.8214    0.7877    0.3191   0.03602   0.01322         0
    65/299     4.53G   0.02773  0.007417         0   0.03515         4       640     0.447    0.8214    0.7018    0.2417   0.03591   0.01347         0
    66/299     4.53G   0.02918   0.00715         0   0.03633         4       640    0.5208    0.8087    0.7769    0.2882   0.03591   0.01312         0
    67/299     4.53G   0.02755  0.007236         0   0.03479         4       640    0.6094     0.804    0.7772    0.2717   0.03558   0.01387         0
    68/299     4.53G   0.02714  0.007124         0   0.03426         4       640    0.5697    0.8291       0.8    0.3271   0.03439   0.01346         0
    69/299     4.53G   0.02714   0.00706         0    0.0342         4       640    0.4465    0.8163    0.7554    0.2522   0.03558   0.01253         0
    70/299     4.53G   0.02694  0.007124         0   0.03406         4       640    0.5017    0.8087    0.7749     0.306   0.03691   0.01315         0
    71/299     4.53G    0.0275  0.006932         0   0.03443         4       640    0.5989    0.7245    0.7171    0.2473    0.0387   0.01401         0
    72/299     4.53G   0.02835  0.007075         0   0.03543         4       640    0.5737    0.7602    0.7391    0.3104   0.03655   0.01461         0
    73/299     4.53G   0.02692  0.007206         0   0.03413         4       640    0.5844    0.7602    0.7621    0.2768   0.03644   0.01401         0
    74/299     4.53G   0.02799  0.007156         0   0.03514         4       640    0.4978    0.8699    0.8143    0.3397   0.03287   0.01296         0
    75/299     4.53G   0.02682  0.006897         0   0.03372         4       640     0.545    0.8087    0.7906    0.2663   0.03656    0.0128         0
    76/299     4.53G   0.02773  0.007004         0   0.03473         4       640    0.6213      0.75    0.7674    0.2909   0.03751   0.01462         0
    77/299     4.53G   0.02632  0.007117         0   0.03344         4       640     0.558    0.8309    0.7822    0.2869    0.0342   0.01463         0
    78/299     4.53G    0.0265  0.006894         0    0.0334         4       640    0.5023    0.8138    0.7612    0.2814   0.03759   0.01303         0
    79/299     4.53G   0.02699  0.006924         0   0.03391         4       640    0.6647    0.8291    0.8105    0.3233   0.03326   0.01344         0
    80/299     4.53G   0.02729  0.006801         0   0.03409         4       640    0.5034    0.7908    0.7536    0.3125   0.03611   0.01335         0
    81/299     4.53G   0.02711  0.006918         0   0.03403         4       640     0.691    0.7398    0.7632     0.294    0.0355   0.01449         0
    82/299     4.53G   0.02664   0.00684         0   0.03348         4       640    0.6339    0.8138    0.8067    0.3292   0.03436   0.01389         0
    83/299     4.53G   0.02813   0.00684         0   0.03497         4       640    0.5546     0.824    0.7957    0.2796    0.0352   0.01303         0
    84/299     4.53G   0.02723  0.006762         0   0.03399         4       640     0.594    0.7755    0.7759    0.2909   0.03544   0.01353         0
    85/299     4.53G    0.0256  0.006659         0   0.03226         4       640      0.65    0.7485    0.7708    0.2795   0.03564   0.01407         0
    86/299     4.53G   0.02614  0.006559         0   0.03269         4       640    0.5531    0.8622    0.8317    0.3305   0.03304    0.0132         0
    87/299     4.53G   0.02608  0.006614         0    0.0327         4       640    0.6754    0.8316     0.835    0.3015   0.03541   0.01306         0
    88/299     4.53G   0.02649  0.006479         0   0.03296         4       640    0.6708    0.7628    0.7884    0.3072   0.03439   0.01463         0
    89/299     4.53G   0.02688  0.006743         0   0.03362         4       640    0.4474    0.8921    0.8173    0.3236   0.03398   0.01292         0
    90/299     4.53G   0.02658  0.006683         0   0.03327         4       640    0.5727    0.8316    0.8112     0.302   0.03403   0.01356         0
    91/299     4.53G   0.02639  0.006741         0   0.03313         4       640    0.6172    0.8138    0.8028    0.2935   0.03551   0.01325         0
    92/299     4.53G   0.02564  0.006478         0   0.03212         4       640    0.7436    0.8342    0.8581    0.3358   0.03402   0.01415         0
    93/299     4.53G   0.02526  0.006323         0   0.03158         4       640    0.6567      0.81     0.806     0.294    0.0345   0.01378         0
    94/299     4.53G   0.02503  0.006414         0   0.03144         4       640     0.662    0.8214    0.8076    0.3496   0.03382   0.01339         0
    95/299     4.53G   0.02712  0.006221         0   0.03334         4       640    0.5527    0.7908    0.7672    0.2938   0.03465   0.01301         0
    96/299     4.53G   0.02572  0.006367         0   0.03209         4       640    0.6804    0.8061    0.8203    0.3572   0.03266   0.01358         0
    97/299     4.53G   0.02502  0.006365         0   0.03139         4       640    0.6861    0.8316    0.8239    0.3424   0.03408   0.01286         0
    98/299     4.53G   0.02501  0.006271         0   0.03128         4       640    0.5815    0.8225    0.8109    0.3313   0.03306    0.0138         0
    99/299     4.53G   0.02522  0.006381         0    0.0316         4       640    0.6649    0.8418    0.8291    0.3307    0.0325   0.01358         0
   100/299     4.53G   0.02367  0.006438         0   0.03011         4       640    0.7193    0.8597     0.854    0.3589   0.03105   0.01268         0
   101/299     4.53G   0.02397  0.006178         0   0.03014         4       640    0.7309    0.7474    0.8222    0.3341    0.0338     0.014         0
   102/299     4.53G   0.02428  0.006282         0   0.03056         4       640    0.4795    0.8571    0.8017    0.3519   0.03195   0.01347         0
   103/299     4.53G   0.02422  0.006428         0   0.03064         4       640     0.621    0.8367    0.8301    0.3383   0.03282   0.01287         0
   104/299     4.53G   0.02487  0.006299         0   0.03117         4       640    0.6956    0.7934    0.8048    0.3227   0.03568   0.01426         0
   105/299     4.53G   0.02427  0.006337         0   0.03061         4       640    0.5225    0.8597    0.7839    0.2686    0.0343   0.01251         0
   106/299     4.53G   0.02519  0.006248         0   0.03143         4       640    0.6957    0.7908    0.8283    0.3768   0.03239   0.01337         0
   107/299     4.53G   0.02659  0.006223         0   0.03282         4       640    0.7265    0.7526    0.8181    0.3367   0.03348   0.01458         0
   108/299     4.53G   0.02385  0.006212         0   0.03006         4       640    0.6854    0.8087    0.8419    0.3602   0.03286   0.01346         0
   109/299     4.53G   0.02394  0.006104         0   0.03004         4       640    0.7282    0.8418     0.837    0.3259   0.03152   0.01347         0
   110/299     4.53G   0.02444  0.006005         0   0.03045         4       640    0.6509    0.8418    0.8389    0.3793   0.03039   0.01369         0
   111/299     4.53G   0.02403  0.005992         0   0.03003         4       640    0.6525    0.8673     0.833    0.3649   0.03177   0.01233         0
   112/299     4.53G   0.02429  0.005783         0   0.03007         4       640    0.7664    0.8619    0.8609    0.3689   0.03139   0.01417         0
   113/299     4.53G    0.0229   0.00577         0   0.02867         4       640    0.6817    0.8467    0.8439    0.3807   0.03181   0.01351         0
   114/299     4.53G   0.02417  0.005849         0   0.03002         4       640    0.6613    0.8112    0.8239    0.3509   0.03207   0.01372         0
   115/299     4.53G   0.02318  0.005684         0   0.02886         4       640    0.7028    0.8878    0.8679    0.3876   0.03074   0.01299         0
   116/299     4.53G    0.0229  0.005728         0   0.02863         4       640    0.7289    0.8297    0.8378     0.366   0.03221   0.01441         0
   117/299     4.53G   0.02333  0.005779         0   0.02911         4       640    0.6902    0.8495    0.8389    0.3696   0.03063   0.01331         0
   118/299     4.53G   0.02337  0.005725         0    0.0291         4       640    0.7047    0.8827    0.8656    0.3803   0.03073   0.01328         0
   119/299     4.53G   0.02356  0.005684         0   0.02924         4       640    0.7397    0.8628    0.8648    0.4031   0.02989    0.0128         0
   120/299     4.53G   0.02318  0.005655         0   0.02883         4       640    0.7421    0.7934     0.832     0.366   0.03152   0.01442         0
   121/299     4.53G   0.02268  0.005697         0   0.02838         4       640    0.7851    0.8546    0.8776    0.3881   0.03014   0.01385         0
   122/299     4.53G    0.0227  0.005561         0   0.02827         4       640    0.7185    0.7985    0.8464    0.3787   0.03109   0.01373         0
   123/299     4.53G   0.02226  0.005638         0    0.0279         4       640    0.6246    0.8878    0.8607    0.3932   0.02913   0.01299         0
   124/299     4.53G   0.02284  0.005663         0    0.0285         4       640    0.7239    0.7832    0.8304    0.3887   0.03166   0.01413         0
   125/299     4.53G   0.02501  0.005803         0   0.03081         4       640    0.7701    0.8342    0.8626     0.397   0.03139   0.01335         0
   126/299     4.53G   0.02307  0.005701         0   0.02877         4       640    0.7164     0.852    0.8671    0.4228   0.02917   0.01336         0
   127/299     4.53G   0.02166  0.005696         0   0.02736         4       640    0.7756    0.8375    0.8476    0.4307   0.02911   0.01319         0
   128/299     4.53G   0.02367  0.005708         0   0.02938         4       640    0.7692    0.8112    0.8473    0.4136   0.03014   0.01409         0
   129/299     4.53G   0.02212  0.005606         0   0.02772         4       640    0.7271    0.8294    0.8323    0.4069   0.02906   0.01371         0
   130/299     4.53G   0.02185  0.005379         0   0.02723         4       640     0.768     0.824    0.8407     0.426   0.02899   0.01335         0
   131/299     4.53G   0.02367  0.005293         0   0.02896         4       640    0.7658    0.8163    0.8395    0.4018    0.0295   0.01413         0
   132/299     4.53G   0.02228  0.005562         0   0.02784         4       640    0.7643    0.8342    0.8712    0.4235   0.02903   0.01333         0
   133/299     4.53G   0.02124   0.00529         0   0.02653         4       640    0.7896    0.8422    0.8769    0.4318   0.02843   0.01331         0
   134/299     4.53G   0.02146  0.005296         0   0.02676         4       640    0.7771    0.8265    0.8586    0.4386    0.0288   0.01401         0
   135/299     4.53G   0.02016  0.005227         0   0.02539         4       640    0.7693    0.8571    0.8575    0.4128   0.02881   0.01345         0
   136/299     4.53G   0.02087  0.005233         0    0.0261         4       640    0.7842    0.8061     0.863    0.4368   0.02862   0.01397         0
   137/299     4.53G   0.02058  0.005382         0   0.02597         4       640    0.7504    0.8597     0.868    0.4346   0.02834   0.01309         0
   138/299     4.53G   0.02096  0.005251         0   0.02621         4       640    0.7162    0.8444    0.8672    0.4282   0.02883    0.0133         0
   139/299     4.53G   0.02121  0.005302         0   0.02651         4       640    0.7889    0.8724    0.8851    0.4463    0.0281   0.01298         0
   140/299     4.53G   0.02161  0.005387         0     0.027         4       640    0.7608    0.8418    0.8654    0.4152   0.02922   0.01396         0
   141/299     4.53G   0.02104  0.005448         0   0.02648         4       640    0.7851    0.8469    0.8599    0.4262   0.02937   0.01329         0
   142/299     4.53G   0.02174  0.005442         0   0.02718         4       640    0.6508    0.8571    0.8451    0.4064   0.02887    0.0134         0
   143/299     4.53G   0.02169  0.005603         0   0.02729         4       640    0.8237    0.8464    0.8816    0.4245   0.02842   0.01371         0
   144/299     4.53G   0.02284  0.005664         0    0.0285         4       640    0.8226    0.8189    0.8659    0.4518   0.02858   0.01412         0
   145/299     4.53G   0.02187   0.00543         0    0.0273         4       640    0.7185     0.852    0.8599    0.4314   0.02856   0.01336         0
   146/299     4.53G   0.02018  0.005252         0   0.02543         4       640    0.7844    0.8633    0.8699    0.4241   0.02853    0.0134         0
   147/299     4.53G   0.02212  0.005365         0   0.02748         4       640    0.7695    0.8648    0.8628    0.4426   0.02875   0.01373         0
   148/299     4.53G   0.02187   0.00559         0   0.02746         4       640    0.7745     0.875     0.877    0.4398   0.02848   0.01341         0
   149/299     4.53G   0.02123  0.005242         0   0.02647         4       640     0.671    0.8622    0.8516    0.4267   0.02871   0.01346         0
   150/299     4.53G   0.02143  0.005338         0   0.02677         4       640    0.8349    0.8385     0.858    0.4364   0.02818   0.01366         0
   151/299     4.53G     0.022  0.005351         0   0.02735         4       640    0.7826    0.8079     0.868    0.4508    0.0291   0.01397         0
   152/299     4.53G   0.02165  0.005587         0   0.02724         4       640    0.7587    0.8422    0.8508    0.4307   0.02922   0.01314         0
   153/299     4.53G   0.02134  0.005454         0    0.0268         4       640    0.7472    0.8444    0.8608    0.4399   0.02844   0.01315         0
   154/299     4.53G   0.02065  0.005504         0   0.02615         4       640    0.7952    0.8419    0.8588     0.436   0.02881   0.01355         0
   155/299     4.53G    0.0207  0.005258         0   0.02596         4       640    0.7937    0.8648    0.8797    0.4551   0.02875   0.01341         0
   156/299     4.53G   0.02087  0.005276         0   0.02615         4       640    0.7915    0.8699    0.8707    0.4425   0.02885   0.01307         0
   157/299     4.53G    0.0207  0.005175         0   0.02588         4       640    0.8302    0.8342    0.8654    0.4433   0.02973   0.01403         0
   158/299     4.53G   0.02148   0.00522         0    0.0267         4       640    0.7459     0.824    0.8368     0.431   0.03006   0.01356         0
   159/299     4.53G   0.02391  0.005171         0   0.02908         4       640    0.7908    0.8648    0.8735     0.427   0.02915    0.0132         0
   160/299     4.53G   0.02078  0.005393         0   0.02617         4       640    0.7677    0.8345    0.8522    0.4385   0.02851   0.01387         0
   161/299     4.53G   0.01975  0.004944         0   0.02469         4       640    0.8259     0.875    0.8831     0.447   0.02804   0.01346         0
   162/299     4.53G    0.0197   0.00488         0   0.02458         4       640    0.8355    0.8367    0.8752    0.4454   0.02785   0.01406         0
   163/299     4.53G   0.01937  0.004873         0   0.02424         4       640    0.8295    0.8444     0.874    0.4446   0.02781   0.01405         0
   164/299     4.53G   0.01942  0.004799         0   0.02422         4       640      0.85    0.8444    0.8908    0.4463   0.02788   0.01429         0
   165/299     4.53G   0.01998  0.004857         0   0.02483         4       640    0.8164    0.8418    0.8604    0.4308   0.02818   0.01443         0
   166/299     4.53G   0.02025  0.004873         0   0.02512         4       640    0.8337    0.8393    0.8736    0.4239   0.02866   0.01499         0
   167/299     4.53G   0.02056  0.004921         0   0.02548         4       640    0.8329    0.8469    0.8694    0.4188   0.02904   0.01537         0
   168/299     4.53G   0.02009  0.005115         0   0.02521         4       640    0.8153     0.852    0.8561    0.4138    0.0281   0.01453         0
   169/299     4.53G   0.02244  0.005216         0   0.02766         4       640    0.8072    0.8291    0.8637    0.4255   0.02819    0.0148         0
   170/299     4.53G   0.02029  0.005362         0   0.02565         4       640     0.807    0.8469    0.8621    0.4167   0.02838   0.01452         0
   171/299     4.53G   0.01987  0.005245         0   0.02511         4       640    0.8515    0.8444     0.883    0.4413   0.02743   0.01429         0
   172/299     4.53G   0.01928  0.004951         0   0.02423         4       640    0.8114    0.8453    0.8789     0.434   0.02807   0.01436         0
   173/299     4.53G   0.01935  0.004768         0   0.02412         4       640      0.83     0.852    0.8814     0.447   0.02771   0.01398         0
   174/299     4.53G   0.01928  0.004701         0   0.02398         4       640    0.8034    0.8757    0.8895     0.437   0.02733   0.01388         0
   175/299     4.53G   0.01881  0.004725         0   0.02354         4       640    0.8508    0.8571    0.8763    0.4443   0.02741   0.01404         0
   176/299     4.53G   0.02061  0.004623         0   0.02523         4       640    0.8589    0.8418    0.8712    0.4413    0.0277   0.01496         0
   177/299     4.53G   0.01906  0.004695         0   0.02376         4       640    0.8208    0.8646    0.8752    0.4372   0.02779   0.01367         0
   178/299     4.53G   0.01937  0.004612         0   0.02398         4       640    0.8309    0.8699    0.8934    0.4536   0.02747   0.01369         0
   179/299     4.53G   0.01861  0.004679         0   0.02329         4       640    0.8198     0.852    0.8709    0.4509   0.02752   0.01407         0
   180/299     4.53G   0.01741  0.004511         0   0.02192         4       640    0.8515    0.8316    0.8703    0.4457   0.02747   0.01467         0
   181/299     4.53G   0.01837  0.004559         0   0.02293         4       640    0.8605    0.8316    0.8787    0.4469    0.0272   0.01492         0
   182/299     4.53G   0.01891  0.004519         0   0.02343         4       640    0.7672    0.8577    0.8682    0.4379   0.02764   0.01374         0
   183/299     4.53G   0.02185  0.004801         0   0.02666         4       640    0.7669    0.8563    0.8852    0.4517   0.02767   0.01372         0
   184/299     4.53G   0.01857  0.004689         0   0.02326         4       640    0.8018    0.8565    0.8699    0.4457   0.02792    0.0135         0
   185/299     4.53G   0.01798  0.004474         0   0.02245         4       640    0.8428    0.8367    0.8736    0.4482   0.02826    0.0147         0
   186/299     4.53G    0.0188  0.004658         0   0.02346         4       640    0.8096    0.8354    0.8725    0.4473   0.02807   0.01467         0
   187/299     4.53G   0.01897   0.00466         0   0.02363         4       640    0.8494    0.8346    0.8836    0.4517   0.02773   0.01505         0
   188/299     4.53G   0.01687  0.004495         0   0.02136         4       640     0.845    0.8316    0.8709    0.4453   0.02755   0.01531         0
   189/299     4.53G   0.01769  0.004423         0   0.02211         4       640    0.8372    0.8291    0.8633    0.4387   0.02768    0.0152         0
   190/299     4.53G     0.019  0.004464         0   0.02347         4       640    0.8387    0.8316    0.8726    0.4358   0.02846   0.01566         0
   191/299     4.53G    0.0189  0.004457         0   0.02336         4       640    0.8339     0.824    0.8765    0.4371   0.02796   0.01569         0
   192/299     4.53G   0.01888  0.004649         0   0.02353         4       640    0.8146    0.8342     0.872    0.4341   0.02828    0.0152         0
   193/299     4.53G   0.01897  0.004537         0   0.02351         4       640     0.834    0.8214    0.8715    0.4278   0.02853   0.01517         0
   194/299     4.53G   0.01773  0.004562         0   0.02229         4       640    0.8106    0.8393    0.8659    0.4372   0.02865   0.01482         0
   195/299     4.53G   0.01933  0.004722         0   0.02405         4       640    0.8692    0.8137    0.8789    0.4328   0.02852   0.01575         0
   196/299     4.53G   0.01872  0.004795         0   0.02352         4       640    0.8238    0.8393     0.853     0.432    0.0285   0.01524         0
   197/299     4.53G   0.01941  0.004542         0   0.02395         4       640    0.8276    0.8546    0.8737    0.4393   0.02822   0.01401         0
   198/299     4.53G   0.01788  0.004482         0   0.02236         4       640    0.8556    0.8138    0.8635    0.4434   0.02876   0.01507         0
   199/299     4.53G   0.01886  0.004424         0   0.02328         4       640    0.8435    0.8248    0.8721    0.4525   0.02818   0.01517         0
   200/299     4.53G   0.01732  0.004297         0   0.02161         4       640     0.846     0.852    0.8881    0.4527   0.02792   0.01472         0
   201/299     4.53G   0.01743  0.004245         0   0.02168         4       640    0.8692    0.8136    0.8823    0.4459   0.02802   0.01514         0
   202/299     4.53G   0.01791  0.004259         0   0.02217         4       640    0.8436    0.8214     0.882    0.4606   0.02756   0.01514         0
   203/299     4.53G   0.01665  0.004284         0   0.02093         4       640    0.8359    0.8316     0.881    0.4596   0.02724   0.01494         0
   204/299     4.53G   0.01639  0.004103         0    0.0205         4       640    0.8475    0.8469    0.8912    0.4696   0.02713   0.01448         0
   205/299     4.53G   0.01627  0.004268         0   0.02054         4       640    0.8514    0.8418     0.898    0.4707   0.02729   0.01461         0
   206/299     4.53G   0.01758  0.004414         0   0.02199         4       640    0.8662     0.826    0.8859    0.4609   0.02747   0.01525         0
   207/299     4.53G   0.01779  0.004392         0   0.02218         4       640    0.8568    0.8367    0.8839    0.4606   0.02756   0.01512         0
   208/299     4.53G   0.01756  0.004489         0   0.02204         4       640    0.8517    0.8291    0.8832    0.4599   0.02718   0.01495         0
   209/299     4.53G   0.01696  0.004323         0   0.02128         4       640    0.8539    0.8348    0.8832    0.4623    0.0271   0.01509         0
   210/299     4.53G   0.01673  0.004243         0   0.02097         4       640    0.8456    0.8386     0.876    0.4536   0.02735   0.01532         0
   211/299     4.53G   0.01663  0.004115         0   0.02074         4       640    0.8573    0.8367    0.8775    0.4534   0.02748   0.01521         0
   212/299     4.53G   0.01586  0.004202         0   0.02006         4       640    0.8505    0.8272    0.8785    0.4542   0.02761   0.01559         0
   213/299     4.53G   0.01575  0.004201         0   0.01995         4       640     0.843    0.8393    0.8691    0.4433   0.02776   0.01569         0
   214/299     4.53G   0.01733  0.004355         0   0.02168         4       640    0.8559    0.8184     0.862    0.4415   0.02789   0.01606         0
   215/299     4.53G   0.01662   0.00442         0   0.02104         4       640    0.8399    0.8189    0.8593    0.4399   0.02771   0.01561         0
   216/299     4.53G    0.0169  0.004131         0   0.02103         4       640    0.8632    0.8207    0.8695    0.4463   0.02753   0.01545         0
   217/299     4.53G   0.01656  0.004228         0   0.02079         4       640    0.8452    0.8316     0.868    0.4531   0.02768   0.01527         0
   218/299     4.53G   0.01664  0.004129         0   0.02076         4       640     0.856    0.8418    0.8776    0.4565   0.02799   0.01512         0
   219/299     4.53G   0.01637   0.00405         0   0.02042         4       640     0.861    0.8215    0.8811     0.459   0.02768   0.01532         0
   220/299     4.53G   0.01762  0.004222         0   0.02184         4       640    0.8451    0.8353    0.8761    0.4613   0.02773   0.01502         0
   221/299     4.53G   0.01792  0.004223         0   0.02214         4       640    0.8323    0.8571    0.8808     0.456   0.02777   0.01455         0
   222/299     4.53G   0.01804  0.004247         0   0.02228         4       640    0.8773    0.8342    0.8886    0.4599   0.02792   0.01521         0
   223/299     4.53G   0.01683  0.004367         0    0.0212         4       640    0.8393    0.8265    0.8618    0.4476   0.02844   0.01584         0
   224/299     4.53G   0.01644  0.004048         0   0.02049         4       640    0.8587     0.852    0.8781    0.4525    0.0285   0.01522         0
   225/299     4.53G   0.01701   0.00406         0   0.02107         4       640    0.8534    0.8367    0.8582    0.4329   0.02886   0.01553         0
   226/299     4.53G   0.02133  0.004184         0   0.02551         4       640    0.7699    0.8546    0.8667    0.4482    0.0284   0.01526         0
   227/299     4.53G   0.01799  0.004142         0   0.02214         4       640    0.6582    0.8316    0.8394    0.4346   0.02864   0.01598         0
   228/299     4.53G   0.01911  0.004087         0   0.02319         4       640     0.731    0.8265    0.8409    0.4392   0.02854    0.0159         0
   229/299     4.53G   0.01745  0.004045         0    0.0215         4       640    0.6341    0.8444    0.8461    0.4411   0.02813   0.01578         0
   230/299     4.53G   0.01652  0.004059         0   0.02058         4       640    0.6719    0.8393    0.8433    0.4421   0.02812   0.01601         0
   231/299     4.53G   0.01704  0.003937         0   0.02098         4       640    0.8018    0.8155    0.8486    0.4458   0.02797   0.01613         0
   232/299     4.53G   0.02043  0.004093         0   0.02452         4       640    0.8502    0.8138    0.8668    0.4447   0.02819   0.01624         0
   233/299     4.53G   0.01996  0.004089         0   0.02405         4       640    0.8694    0.8087    0.8697    0.4528   0.02833   0.01617         0
   234/299     4.53G   0.01794  0.004081         0   0.02202         4       640    0.8273    0.8188    0.8561    0.4472   0.02844   0.01585         0
   235/299     4.53G   0.01795  0.003985         0   0.02193         4       640    0.8366    0.8393     0.874     0.457   0.02819   0.01552         0
   236/299     4.53G   0.01666  0.004004         0   0.02067         4       640    0.8405    0.8335    0.8725    0.4511   0.02832   0.01555         0
   237/299     4.53G   0.01618  0.003886         0   0.02007         4       640    0.8541     0.836    0.8761    0.4538   0.02805    0.0156         0
   238/299     4.53G   0.01657  0.003952         0   0.02052         4       640    0.8543     0.824    0.8789    0.4483   0.02849   0.01605         0
   239/299     4.53G   0.02096  0.004013         0   0.02497         4       640    0.8407    0.8189    0.8707    0.4563   0.02854   0.01566         0
   240/299     4.53G   0.01649  0.003984         0   0.02048         4       640    0.8479    0.8342    0.8759    0.4566   0.02829   0.01561         0
   241/299     4.53G   0.01498  0.003876         0   0.01885         4       640    0.8515    0.8367    0.8695     0.455    0.0284   0.01585         0
   242/299     4.53G   0.01471  0.003833         0   0.01854         4       640    0.8332     0.824    0.8602    0.4526   0.02855   0.01578         0
   243/299     4.53G   0.01606  0.003843         0   0.01991         4       640    0.8458    0.8291    0.8638    0.4518   0.02852   0.01586         0
   244/299     4.53G   0.01665  0.003967         0   0.02062         4       640    0.8329    0.8418     0.866    0.4549   0.02851   0.01553         0
   245/299     4.53G   0.01835   0.00389         0   0.02224         4       640     0.857    0.8367     0.866    0.4514   0.02871   0.01581         0
   246/299     4.53G   0.01913  0.004243         0   0.02337         4       640    0.8705    0.8234     0.867    0.4529   0.02856   0.01586         0
   247/299     4.53G   0.01957  0.003997         0   0.02357         4       640     0.878    0.8265    0.8621    0.4503   0.02854   0.01594         0
   248/299     4.53G   0.01668  0.003972         0   0.02065         4       640    0.8656    0.8291    0.8641    0.4545   0.02839   0.01574         0
   249/299     4.53G    0.0158  0.003847         0   0.01965         4       640    0.8556    0.8469    0.8787    0.4551   0.02816   0.01568         0
   250/299     4.53G   0.01475  0.003729         0   0.01848         4       640    0.8638    0.8469    0.8756    0.4553   0.02803   0.01571         0
   251/299     4.53G   0.01435  0.003735         0   0.01809         4       640    0.8625    0.8444    0.8881    0.4582    0.0279   0.01591         0
   252/299     4.53G    0.0144   0.00373         0   0.01813         4       640     0.878    0.8449    0.8884     0.458   0.02782   0.01601         0
   253/299     4.53G   0.01476  0.003691         0   0.01845         4       640    0.8857    0.8393    0.8897    0.4551   0.02794   0.01612         0
   254/299     4.53G   0.01473  0.003628         0   0.01835         4       640    0.8838    0.8346    0.8773    0.4569   0.02793   0.01621         0
   255/299     4.53G   0.01533   0.00366         0   0.01899         4       640     0.889    0.8418    0.8807    0.4564   0.02783   0.01631         0
   256/299     4.53G   0.01541  0.003694         0   0.01911         4       640     0.867    0.8393    0.8751    0.4572   0.02778   0.01645         0
   257/299     4.53G   0.01532    0.0036         0   0.01892         4       640    0.8696    0.8265    0.8787    0.4605   0.02773   0.01624         0
   258/299     4.53G   0.01484  0.003623         0   0.01846         4       640    0.8795    0.8378    0.8915    0.4644   0.02777   0.01595         0
   259/299     4.53G   0.01532    0.0036         0   0.01892         4       640    0.8762    0.8302    0.8844    0.4637   0.02777     0.016         0
   260/299     4.53G   0.01536  0.003822         0   0.01919         4       640     0.886    0.8418    0.8902    0.4685   0.02784   0.01601         0
   261/299     4.53G    0.0145  0.003572         0   0.01807         4       640    0.8736    0.8393    0.8856    0.4654   0.02773   0.01607         0
   262/299     4.53G   0.01398  0.003606         0   0.01758         4       640     0.861    0.8444    0.8876    0.4725   0.02754   0.01604         0
   263/299     4.53G   0.01395  0.003602         0   0.01755         4       640    0.8626    0.8495    0.8867    0.4681   0.02755   0.01613         0
   264/299     4.53G   0.01382  0.003593         0   0.01741         4       640    0.8615    0.8469    0.8879    0.4665   0.02752   0.01617         0
   265/299     4.53G   0.01403  0.003561         0   0.01759         4       640    0.8655    0.8444    0.8866    0.4652    0.0275   0.01627         0
   266/299     4.53G   0.01462  0.003648         0   0.01827         4       640    0.8602    0.8622    0.8905    0.4637   0.02751   0.01617         0
   267/299     4.53G   0.01467  0.003638         0   0.01831         4       640    0.8613    0.8546    0.8923    0.4693   0.02747   0.01614         0
   268/299     4.53G   0.01377  0.003671         0   0.01744         4       640    0.8646    0.8495    0.8919    0.4669    0.0275   0.01602         0
   269/299     4.53G   0.01363  0.003597         0   0.01723         4       640    0.8532    0.8449    0.8892    0.4669   0.02747   0.01593         0
   270/299     4.53G   0.01287  0.003545         0   0.01642         4       640    0.8675    0.8699     0.897    0.4687   0.02749   0.01583         0
   271/299     4.53G   0.01358  0.003609         0   0.01719         4       640    0.8674    0.8469    0.8907     0.469   0.02742   0.01598         0
   272/299     4.53G   0.01375  0.003652         0    0.0174         4       640    0.8624    0.8469    0.8887    0.4697   0.02752   0.01606         0
   273/299     4.53G   0.01307  0.003518         0   0.01658         4       640    0.8662    0.8418    0.8903      0.47   0.02762   0.01609         0
   274/299     4.53G   0.01263  0.003535         0   0.01617         4       640    0.8704    0.8397    0.8892     0.468   0.02775   0.01626         0
   275/299     4.53G   0.01335  0.003601         0   0.01695         4       640     0.861    0.8291    0.8817    0.4631    0.0278   0.01644         0
   276/299     4.53G   0.01362  0.003632         0   0.01725         4       640    0.8567    0.8214    0.8857    0.4649    0.0278   0.01661         0
   277/299     4.53G   0.01311  0.003586         0    0.0167         4       640    0.8658    0.8228    0.8878    0.4656   0.02784   0.01675         0
   278/299     4.53G   0.01428   0.00352         0    0.0178         4       640    0.8685     0.824    0.8877     0.468   0.02778   0.01679         0
   279/299     4.53G   0.01367  0.003567         0   0.01724         4       640    0.8608    0.8342    0.8854    0.4679   0.02785   0.01667         0
   280/299     4.53G   0.01363  0.003647         0   0.01728         4       640    0.8551    0.8367    0.8812     0.468    0.0279   0.01649         0
   281/299     4.53G   0.01326  0.003627         0   0.01689         4       640    0.8477    0.8367    0.8783    0.4701   0.02772   0.01636         0
   282/299     4.53G   0.01325  0.003629         0   0.01687         4       640    0.8505    0.8444      0.88    0.4688   0.02766   0.01624         0
   283/299     4.53G   0.01395  0.003649         0    0.0176         4       640    0.8566    0.8469    0.8798     0.472   0.02754   0.01625         0
   284/299     4.53G   0.01295  0.003563         0   0.01651         4       640     0.863    0.8418    0.8844    0.4679   0.02759   0.01641         0
   285/299     4.53G   0.01339  0.003507         0    0.0169         4       640    0.8591    0.8393    0.8819    0.4661   0.02762   0.01651         0
   286/299     4.53G   0.01317  0.003535         0   0.01671         4       640    0.8556    0.8393    0.8818    0.4657   0.02764   0.01661         0
   287/299     4.53G   0.01435  0.003557         0   0.01791         4       640    0.8519    0.8366    0.8734    0.4653   0.02762   0.01665         0
   288/299     4.53G   0.01419  0.003695         0   0.01789         4       640    0.8467    0.8265    0.8741    0.4648   0.02766   0.01663         0
   289/299     4.53G   0.01288  0.003579         0   0.01646         4       640    0.8502    0.8342    0.8752    0.4647    0.0276   0.01643         0
   290/299     4.53G   0.01268  0.003431         0   0.01611         4       640    0.8497    0.8367    0.8739    0.4634   0.02765   0.01628         0
   291/299     4.53G   0.01437  0.003431         0    0.0178         4       640    0.8487    0.8444    0.8759    0.4618   0.02766   0.01621         0
   292/299     4.53G   0.01508  0.003626         0   0.01871         4       640    0.8504    0.8418    0.8757    0.4635   0.02786   0.01641         0
   293/299     4.53G   0.01691   0.00363         0   0.02054         4       640    0.8543    0.8376    0.8762     0.462   0.02797   0.01636         0
   294/299     4.53G   0.01472  0.003591         0   0.01831         4       640    0.8673    0.8418     0.879    0.4626   0.02811   0.01647         0
   295/299     4.53G   0.01462  0.003515         0   0.01814         4       640    0.8642    0.8439    0.8811     0.462   0.02804   0.01649         0
   296/299     4.53G   0.01337  0.003416         0   0.01679         4       640    0.8607    0.8355    0.8821    0.4619   0.02802   0.01648         0
   297/299     4.53G   0.01374  0.003367         0   0.01711         4       640     0.858    0.8291    0.8796    0.4598   0.02794    0.0165         0
   298/299     4.53G   0.01396   0.00352         0   0.01748         4       640    0.8597    0.8316    0.8761    0.4587   0.02794   0.01657         0
   299/299     4.53G   0.01508  0.003555         0   0.01864         4       640    0.8565    0.8374     0.877      0.46   0.02798   0.01647         0
