     0/299      4.5G   0.05394    0.0133         0   0.06724         5       640    0.3091    0.5842    0.4329     0.159   0.04353   0.01689         0
     1/299     4.53G   0.03821  0.009987         0    0.0482         5       640    0.2999    0.5918    0.4298    0.1548   0.04701   0.01528         0
     2/299     4.53G   0.04023  0.009771         0      0.05         5       640    0.3726     0.574     0.459     0.186   0.04476   0.01665         0
     3/299     4.53G   0.04144  0.009974         0   0.05141         5       640    0.3614    0.4561    0.3409    0.1359   0.04943   0.01665         0
     4/299     4.53G   0.03806  0.009736         0    0.0478         5       640    0.4647    0.7423    0.6028    0.2679   0.03862   0.01555         0
     5/299     4.53G   0.03638  0.009528         0   0.04591         5       640    0.5765    0.6327     0.593    0.2185   0.04211   0.01526         0
     6/299     4.53G   0.03376  0.009043         0    0.0428         5       640    0.5398    0.7449    0.6956    0.2741   0.03766   0.01462         0
     7/299     4.53G   0.03268  0.008784         0   0.04146         5       640    0.5458    0.7143    0.6229    0.2511   0.04146   0.01529         0
     8/299     4.53G   0.03204   0.00864         0   0.04068         5       640    0.5331    0.7296    0.6702     0.251   0.03809   0.01451         0
     9/299     4.53G   0.03048  0.008453         0   0.03893         5       640    0.5737    0.7857    0.7277    0.3017    0.0358   0.01465         0
    10/299     4.53G   0.02872  0.008036         0   0.03676         5       640    0.5164    0.7577    0.7162    0.2787   0.03628   0.01495         0
    11/299     4.53G   0.02896  0.007949         0   0.03691         5       640    0.5881    0.7781     0.728    0.2476    0.0365   0.01527         0
    12/299     4.53G   0.02857  0.007879         0   0.03645         5       640    0.6135    0.7296    0.6906    0.2626   0.03887   0.01499         0
    13/299     4.53G   0.02863   0.00781         0   0.03644         5       640     0.589    0.7832    0.7746    0.3029   0.03714   0.01435         0
    14/299     4.53G   0.02768  0.007613         0   0.03529         5       640    0.5607    0.7781    0.7453    0.2974   0.03645   0.01454         0
    15/299     4.53G   0.02655  0.007467         0   0.03402         5       640    0.6201    0.7746    0.7413    0.2785   0.03781   0.01452         0
    16/299     4.53G   0.02613  0.007324         0   0.03345         5       640    0.6027    0.7857     0.762    0.2879   0.03603   0.01507         0
    17/299     4.53G   0.02549  0.007186         0   0.03267         5       640    0.6274      0.75    0.7425    0.2783   0.03597   0.01514         0
    18/299     4.53G   0.02512  0.007101         0   0.03223         5       640    0.6875    0.7908    0.7724    0.2836   0.03584   0.01484         0
    19/299     4.53G   0.02535  0.007058         0   0.03241         5       640    0.6905    0.7755     0.766     0.301   0.03488   0.01499         0
    20/299     4.53G   0.02482  0.007109         0   0.03193         5       640    0.6175    0.7628    0.7272    0.2887   0.03743   0.01467         0
    21/299     4.53G   0.02456  0.006953         0   0.03151         5       640     0.582    0.8384    0.7989    0.3209   0.03491   0.01371         0
    22/299     4.53G   0.02406  0.006755         0   0.03082         5       640    0.5752    0.8087    0.7798    0.3114   0.03627   0.01397         0
    23/299     4.53G   0.02427  0.006722         0   0.03099         5       640    0.5986     0.824    0.7944    0.3174   0.03573   0.01405         0
    24/299     4.53G   0.02458  0.006726         0   0.03131         5       640    0.7068    0.7985    0.7861    0.3009    0.0356   0.01417         0
    25/299     4.53G   0.02383  0.006598         0   0.03043         5       640    0.6386    0.8204    0.8017    0.3209   0.03475   0.01449         0
    26/299     4.53G   0.02409  0.006547         0   0.03064         5       640    0.5854    0.8265    0.7825    0.3137   0.03554   0.01387         0
    27/299     4.53G   0.02319  0.006597         0   0.02979         5       640    0.6182    0.7679     0.756    0.2913   0.03649   0.01449         0
    28/299     4.53G   0.02329  0.006576         0   0.02986         5       640    0.6199    0.8036    0.7742    0.3047   0.03508   0.01432         0
    29/299     4.53G   0.02317  0.006442         0   0.02961         5       640     0.629    0.8163    0.7854    0.3122   0.03547   0.01423         0
    30/299     4.53G   0.02288  0.006431         0   0.02931         5       640    0.6151    0.8469    0.8264    0.3284   0.03447   0.01384         0
    31/299     4.53G   0.02275  0.006325         0   0.02908         5       640     0.608    0.8342    0.7765    0.3017   0.03504   0.01388         0
    32/299     4.53G   0.02277  0.006233         0     0.029         5       640    0.5654    0.8331     0.791    0.3264   0.03468   0.01369         0
    33/299     4.53G   0.02347  0.006366         0   0.02984         5       640    0.6562    0.8495    0.8185    0.3266   0.03491   0.01363         0
    34/299     4.53G   0.02225  0.006268         0   0.02852         5       640    0.6753    0.8087    0.7798     0.303   0.03532   0.01369         0
    35/299     4.53G   0.02292  0.006175         0   0.02909         5       640    0.6128    0.8061     0.775    0.3145   0.03551   0.01459         0
    36/299     4.53G   0.02203  0.006165         0    0.0282         5       640    0.5392    0.8367    0.7946     0.321   0.03455   0.01393         0
    37/299     4.53G   0.02182  0.006084         0    0.0279         5       640     0.655    0.8061    0.7949    0.3162   0.03573   0.01407         0
    38/299     4.53G   0.02241  0.006064         0   0.02847         5       640    0.6339     0.857     0.821    0.3361   0.03395   0.01387         0
    39/299     4.53G   0.02183  0.006141         0   0.02797         5       640    0.6422    0.8469    0.8113    0.3124   0.03462   0.01383         0
    40/299     4.53G   0.02185  0.006129         0   0.02798         5       640    0.6207    0.8469    0.8158    0.3345   0.03413   0.01394         0
    41/299     4.53G   0.02154  0.006093         0   0.02763         5       640    0.6282    0.8571    0.8117    0.3275   0.03457   0.01419         0
    42/299     4.53G   0.02135  0.005952         0    0.0273         5       640     0.673    0.8557     0.822    0.3382    0.0333   0.01449         0
    43/299     4.53G   0.02129  0.005977         0   0.02727         5       640    0.6735    0.8469    0.8117     0.325   0.03352   0.01442         0
    44/299     4.53G   0.02141  0.005973         0   0.02738         5       640    0.7045    0.8597    0.8322    0.3376   0.03385   0.01421         0
    45/299     4.53G    0.0211  0.005903         0     0.027         5       640    0.6489    0.8265    0.8084    0.3297   0.03396   0.01416         0
    46/299     4.53G   0.02144  0.005886         0   0.02733         5       640     0.687    0.8163    0.8094    0.3275   0.03516   0.01444         0
    47/299     4.53G    0.0213  0.005922         0   0.02722         5       640    0.6629    0.8112    0.7948    0.3285   0.03411   0.01425         0
    48/299     4.53G   0.02077  0.005936         0    0.0267         5       640    0.6302    0.8367    0.8249    0.3408   0.03409   0.01396         0
    49/299     4.53G     0.021    0.0059         0    0.0269         5       640    0.6545    0.8699    0.8268    0.3366   0.03328   0.01401         0
    50/299     4.53G   0.02115  0.005895         0   0.02704         5       640    0.5299    0.8699    0.8007    0.3323   0.03254   0.01358         0
    51/299     4.53G   0.02037  0.005825         0   0.02619         5       640    0.6745    0.8495     0.814    0.3231   0.03474   0.01418         0
    52/299     4.53G   0.02086  0.005838         0   0.02669         5       640    0.5658    0.8724    0.8298    0.3349   0.03344   0.01394         0
    53/299     4.53G    0.0202  0.005697         0   0.02589         5       640    0.7198    0.8546    0.8247    0.3409   0.03234   0.01388         0
    54/299     4.53G   0.02083  0.005666         0    0.0265         5       640    0.6822    0.8571    0.8478    0.3387    0.0341     0.014         0
    55/299     4.53G   0.02084  0.005619         0   0.02645         5       640    0.6773    0.8648    0.8469    0.3447   0.03309   0.01399         0
    56/299     4.53G   0.02041  0.005645         0   0.02605         5       640    0.7014     0.875    0.8663    0.3595   0.03249   0.01368         0
    57/299     4.53G   0.01998  0.005559         0   0.02554         5       640    0.7069     0.852    0.8507     0.341   0.03284   0.01472         0
    58/299     4.53G   0.01989  0.005578         0   0.02547         5       640    0.6242    0.8954    0.8677    0.3498   0.03364   0.01375         0
    59/299     4.53G   0.02013  0.005501         0   0.02563         5       640    0.7317    0.8495    0.8504     0.354   0.03322   0.01403         0
    60/299     4.53G   0.01985  0.005557         0   0.02541         5       640    0.6341    0.8673    0.8391    0.3529    0.0322   0.01372         0
    61/299     4.53G   0.01931  0.005472         0   0.02478         5       640    0.6826    0.8469    0.8496    0.3537   0.03295   0.01418         0
    62/299     4.53G   0.01976  0.005415         0   0.02518         5       640     0.703    0.8495    0.8534    0.3575    0.0332   0.01391         0
    63/299     4.53G   0.01976  0.005525         0   0.02529         5       640      0.75    0.8799     0.856    0.3546   0.03233   0.01354         0
    64/299     4.53G   0.01955  0.005535         0   0.02509         5       640    0.5577    0.8846    0.8474    0.3604   0.03195   0.01354         0
    65/299     4.53G    0.0192  0.005391         0   0.02459         5       640     0.749    0.8604     0.837    0.3621   0.03189   0.01434         0
    66/299     4.53G   0.01954  0.005439         0   0.02498         5       640    0.5963    0.8852    0.8499    0.3594   0.03196   0.01355         0
    67/299     4.53G   0.01879  0.005372         0   0.02416         5       640    0.7338    0.8546    0.8313    0.3668   0.03142   0.01371         0
    68/299     4.53G   0.01946  0.005378         0   0.02484         5       640    0.5822    0.8393    0.8223    0.3539    0.0316    0.0149         0
    69/299     4.53G    0.0199  0.005417         0   0.02532         5       640    0.7012    0.8673    0.8452    0.3634   0.03182   0.01384         0
    70/299     4.53G   0.01902  0.005348         0   0.02437         5       640    0.7018     0.875    0.8578    0.3815    0.0313   0.01333         0
    71/299     4.53G   0.01966  0.005368         0   0.02503         5       640    0.7734    0.8707    0.8655    0.3804   0.03092   0.01387         0
    72/299     4.53G   0.01966  0.005436         0    0.0251         5       640    0.6417    0.9082    0.8766    0.3803   0.03116    0.0131         0
    73/299     4.53G   0.01915  0.005284         0   0.02443         5       640     0.725     0.875    0.8526    0.3755   0.03098   0.01368         0
    74/299     4.53G   0.01877  0.005178         0   0.02395         5       640    0.7685    0.8597    0.8597      0.38   0.03042   0.01399         0
    75/299     4.53G   0.01899  0.005286         0   0.02427         5       640    0.7451    0.8673    0.8591    0.3806   0.03031   0.01399         0
    76/299     4.53G   0.01868  0.005152         0   0.02383         5       640    0.7487    0.8878    0.8718    0.3863   0.03042   0.01318         0
    77/299     4.53G   0.01892    0.0052         0   0.02412         5       640    0.6953    0.8903    0.8658    0.3863   0.02997   0.01312         0
    78/299     4.53G   0.01878  0.005181         0   0.02396         5       640    0.7506     0.852    0.8517    0.3697   0.03058   0.01364         0
    79/299     4.53G   0.01929  0.005364         0   0.02466         5       640    0.6212    0.9082    0.8772    0.3939   0.03047   0.01317         0
    80/299     4.53G   0.01949  0.005282         0   0.02477         5       640    0.7428    0.8473    0.8422    0.3805   0.03054   0.01404         0
    81/299     4.53G   0.01854   0.00526         0    0.0238         5       640    0.7288    0.8801     0.866    0.3817   0.03076   0.01327         0
    82/299     4.53G   0.01824  0.005042         0   0.02329         5       640    0.6728    0.8929    0.8681    0.3898   0.02993   0.01312         0
    83/299     4.53G   0.01872  0.005047         0   0.02377         5       640    0.7333    0.8801    0.8739    0.4056   0.02961   0.01296         0
    84/299     4.53G   0.01845  0.005053         0    0.0235         5       640    0.7705    0.8903    0.8789    0.3926   0.02952   0.01311         0
    85/299     4.53G    0.0183  0.004956         0   0.02326         5       640    0.7481    0.8929     0.865     0.382   0.03007   0.01299         0
    86/299     4.53G   0.01857  0.005024         0   0.02359         5       640    0.7701    0.8776    0.8786    0.3957   0.02961   0.01329         0
    87/299     4.53G   0.01826  0.005036         0    0.0233         5       640    0.6931    0.9056    0.8825    0.3875   0.03004   0.01316         0
    88/299     4.53G   0.01811  0.005005         0   0.02312         5       640    0.7074    0.9056    0.8753    0.3947   0.02981    0.0132         0
    89/299     4.53G    0.0184  0.004963         0   0.02336         5       640    0.7592    0.8954    0.8738    0.4016   0.02927   0.01348         0
    90/299     4.53G   0.01791  0.004987         0    0.0229         5       640    0.7353    0.9133    0.8833     0.388   0.02981    0.0132         0
    91/299     4.53G   0.01826  0.005067         0   0.02333         5       640    0.7894    0.8893    0.8809    0.3985   0.02936   0.01353         0
    92/299     4.53G   0.01841  0.005151         0   0.02356         5       640    0.7499    0.9107    0.8938    0.4013   0.02898   0.01284         0
    93/299     4.53G   0.01789  0.005057         0   0.02294         5       640    0.7741     0.909    0.8931    0.4036   0.02943   0.01284         0
    94/299     4.53G   0.01786  0.004989         0   0.02285         5       640    0.7463    0.9158    0.9009    0.4102   0.02859   0.01282         0
    95/299     4.53G   0.01773  0.004894         0   0.02262         5       640    0.7917    0.9184    0.9023    0.4086   0.02849   0.01329         0
    96/299     4.53G    0.0177  0.004913         0   0.02261         5       640    0.7759    0.9311    0.9071    0.4053   0.02869    0.0132         0
    97/299     4.53G   0.01753  0.004877         0   0.02241         5       640    0.7728    0.9082    0.8821     0.397    0.0293   0.01311         0
    98/299     4.53G   0.01797  0.005004         0   0.02297         5       640    0.7212    0.9107    0.8842    0.4025   0.02913     0.013         0
    99/299     4.53G   0.01782  0.004885         0    0.0227         5       640    0.7652    0.9107    0.8902    0.4101   0.02868   0.01313         0
   100/299     4.53G   0.01709  0.004806         0   0.02189         5       640    0.7649    0.9235    0.9033    0.4153   0.02834   0.01334         0
   101/299     4.53G   0.01706  0.004798         0   0.02186         5       640    0.7767    0.9107    0.9032    0.4079   0.02872    0.0134         0
   102/299     4.53G   0.01727  0.004805         0   0.02208         5       640    0.8022    0.9031    0.8988    0.4096   0.02877   0.01364         0
   103/299     4.53G   0.01748  0.004705         0   0.02218         5       640    0.7892    0.9184     0.902    0.4039   0.02902   0.01336         0
   104/299     4.53G   0.01754  0.004723         0   0.02226         5       640    0.7705    0.9031    0.8849    0.4097   0.02893   0.01321         0
   105/299     4.53G   0.01711  0.004707         0   0.02182         5       640    0.7899     0.898    0.8899    0.4077   0.02882   0.01346         0
   106/299     4.53G   0.01716   0.00465         0   0.02181         5       640    0.8029    0.8835    0.8865    0.4104   0.02856   0.01369         0
   107/299     4.53G   0.01689  0.004604         0   0.02149         5       640    0.8045    0.8929    0.8856    0.4083   0.02865   0.01382         0
   108/299     4.53G   0.01672   0.00472         0   0.02144         5       640    0.7704    0.9082    0.8901    0.4057   0.02871   0.01357         0
   109/299     4.53G   0.01674  0.004615         0   0.02135         5       640    0.7684    0.8885    0.8863    0.4072   0.02886   0.01366         0
   110/299     4.53G   0.01718  0.004612         0   0.02179         5       640    0.7876    0.9082    0.8947    0.4076   0.02866   0.01346         0
   111/299     4.53G   0.01697  0.004582         0   0.02156         5       640    0.8016    0.9133    0.8983    0.4117   0.02855   0.01353         0
   112/299     4.53G   0.01684  0.004546         0   0.02138         5       640    0.7829     0.898    0.8935     0.415   0.02851   0.01356         0
   113/299     4.53G   0.01669  0.004476         0   0.02117         5       640    0.7811    0.9013    0.8967    0.4201   0.02845   0.01352         0
   114/299     4.53G   0.01676  0.004559         0   0.02131         5       640    0.7873    0.8852    0.8953     0.414   0.02853   0.01368         0
   115/299     4.53G   0.01662  0.004532         0   0.02115         5       640    0.7891    0.9005    0.8964    0.4149    0.0283   0.01373         0
   116/299     4.53G   0.01649  0.004529         0   0.02102         5       640    0.7692    0.9005    0.8922    0.4152   0.02822   0.01382         0
   117/299     4.53G   0.01666  0.004553         0   0.02121         5       640     0.767    0.8954    0.8867    0.4158     0.028   0.01385         0
   118/299     4.53G   0.01674  0.004472         0   0.02121         5       640    0.7693    0.9031    0.8872    0.4111   0.02809   0.01386         0
   119/299     4.53G   0.01633  0.004548         0   0.02087         5       640     0.792    0.8724    0.8845    0.4088   0.02812   0.01449         0
   120/299     4.53G   0.01673  0.004651         0   0.02138         5       640     0.781    0.8776     0.888    0.4103   0.02798   0.01432         0
   121/299     4.53G   0.01629    0.0045         0   0.02079         5       640    0.7763    0.8776    0.8853    0.4112   0.02792   0.01431         0
   122/299     4.53G   0.01593  0.004392         0   0.02032         5       640    0.7769    0.8776    0.8868    0.4119   0.02776   0.01411         0
   123/299     4.53G   0.01619   0.00439         0   0.02058         5       640    0.7831    0.8776    0.8895    0.4146   0.02768   0.01401         0
   124/299     4.53G     0.016  0.004439         0   0.02043         5       640    0.7787    0.8801    0.8928    0.4172   0.02759   0.01399         0
   125/299     4.53G   0.01628  0.004423         0   0.02071         5       640    0.7709    0.8878    0.8915    0.4207   0.02762   0.01367         0
   126/299     4.53G   0.01646  0.004414         0   0.02088         5       640    0.7882    0.9021     0.895    0.4204    0.0275   0.01367         0
   127/299     4.53G   0.01663  0.004447         0   0.02108         5       640    0.7963    0.9184     0.899    0.4209   0.02755   0.01363         0
   128/299     4.53G   0.01575  0.004352         0    0.0201         5       640    0.7909    0.9158    0.8997      0.42   0.02758    0.0135         0
   129/299     4.53G   0.01591  0.004333         0   0.02025         5       640     0.779    0.9107    0.8965    0.4208   0.02758   0.01343         0
   130/299     4.53G   0.01576  0.004318         0   0.02008         5       640    0.7817    0.9132    0.8964     0.418    0.0275   0.01341         0
   131/299     4.53G   0.01596  0.004355         0   0.02032         5       640    0.8001    0.9158    0.8953    0.4179   0.02747   0.01343         0
   132/299     4.53G   0.01546   0.00444         0    0.0199         5       640    0.7912    0.9133    0.8908    0.4197   0.02747   0.01344         0
   133/299     4.53G   0.01556  0.004251         0   0.01981         5       640    0.7958    0.9133    0.8931     0.418   0.02747   0.01347         0
   134/299     4.53G   0.01607  0.004324         0    0.0204         5       640    0.7957    0.9158    0.8922    0.4193   0.02756   0.01351         0
   135/299     4.53G   0.01562  0.004278         0    0.0199         5       640    0.7954    0.9107    0.8887    0.4199   0.02765   0.01361         0
   136/299     4.53G    0.0158  0.004236         0   0.02004         5       640    0.7911    0.9083    0.8916    0.4213   0.02762   0.01358         0
   137/299     4.53G   0.01571  0.004244         0   0.01996         5       640    0.7949    0.9056    0.8899    0.4204   0.02754   0.01364         0
   138/299     4.53G   0.01572  0.004282         0   0.02001         5       640    0.7909    0.9031    0.8911    0.4196   0.02753   0.01367         0
   139/299     4.53G    0.0157  0.004255         0   0.01996         5       640    0.7926    0.9031    0.8931    0.4191   0.02753   0.01366         0
   140/299     4.53G   0.01526  0.004183         0   0.01944         5       640    0.7957    0.9031     0.891    0.4219   0.02753   0.01364         0
   141/299     4.53G   0.01533  0.004195         0   0.01952         5       640    0.7933    0.9031    0.8914    0.4225   0.02756   0.01365         0
   142/299     4.53G   0.01524  0.004245         0   0.01948         5       640    0.7796    0.9005    0.8884    0.4202    0.0276   0.01363         0
   143/299     4.53G   0.01592  0.004244         0   0.02016         5       640    0.7758    0.9031    0.8899      0.42   0.02754   0.01366         0
   144/299     4.53G   0.01523  0.004163         0   0.01939         5       640    0.7821    0.9005    0.8885    0.4173   0.02756   0.01372         0
   145/299     4.53G   0.01519  0.004136         0   0.01932         5       640    0.7785    0.8966    0.8779    0.4184   0.02754   0.01376         0
   146/299     4.53G   0.01513  0.004116         0   0.01925         5       640    0.7762    0.8938    0.8739    0.4138   0.02764   0.01388         0
   147/299     4.53G   0.01544   0.00417         0   0.01961         5       640    0.7759    0.8954    0.8759     0.415    0.0276   0.01382         0
   148/299     4.53G   0.01565  0.004149         0    0.0198         5       640    0.7827    0.8954    0.8753     0.415   0.02766   0.01386         0
   149/299     4.53G   0.01449  0.004048         0   0.01853         5       640    0.7849    0.8929    0.8761    0.4135   0.02769   0.01389         0
   150/299     4.53G   0.01507   0.00403         0    0.0191         5       640    0.7815     0.898    0.8806    0.4163   0.02772   0.01389         0
   151/299     4.53G   0.01479  0.004055         0   0.01884         5       640     0.796    0.9005    0.8842    0.4162   0.02775   0.01393         0
   152/299     4.53G   0.01573  0.004223         0   0.01995         5       640    0.7984    0.9005    0.8839    0.4173   0.02776   0.01393         0
   153/299     4.53G   0.01454  0.004027         0   0.01856         5       640    0.7986    0.9005    0.8823     0.417   0.02778   0.01394         0
   154/299     4.53G   0.01513  0.003963         0   0.01909         5       640    0.7971    0.9031    0.8823    0.4192    0.0278   0.01396         0
   155/299     4.53G   0.01471  0.003995         0   0.01871         5       640    0.8011    0.9056    0.8868    0.4163   0.02782     0.014         0
   156/299     4.53G   0.01476  0.003967         0   0.01873         5       640    0.8004    0.9031    0.8843     0.416   0.02782   0.01401         0
   157/299     4.53G   0.01493  0.003977         0   0.01891         5       640    0.7985    0.9005     0.885     0.416   0.02784     0.014         0
   158/299     4.53G   0.01515  0.003991         0   0.01914         5       640    0.8021    0.8996    0.8911    0.4158   0.02788   0.01404         0
   159/299     4.53G   0.01448  0.004005         0   0.01849         5       640    0.7976    0.8949    0.8813    0.4137    0.0279   0.01405         0
   160/299     4.53G   0.01407   0.00383         0    0.0179         5       640    0.7964    0.8929    0.8833    0.4142   0.02791   0.01405         0
   161/299     4.53G   0.01475  0.003893         0   0.01864         5       640    0.7975    0.8954    0.8886    0.4149   0.02791   0.01405         0
   162/299     4.53G   0.01457  0.003968         0   0.01854         5       640    0.8024    0.8954    0.8883    0.4137    0.0279   0.01407         0
   163/299     4.53G   0.01435  0.003924         0   0.01827         5       640    0.8024     0.898    0.8906    0.4136    0.0279   0.01407         0
   164/299     4.53G   0.01406  0.003887         0   0.01794         5       640    0.8027     0.898     0.891    0.4142   0.02789   0.01408         0
   165/299     4.53G   0.01408  0.003904         0   0.01798         5       640    0.8023    0.9007    0.8912     0.415   0.02788   0.01408         0
   166/299     4.53G   0.01384  0.003827         0   0.01767         5       640    0.8041    0.9031    0.8904    0.4136   0.02788   0.01411         0
   167/299     4.53G    0.0143   0.00389         0   0.01819         5       640    0.8026    0.9056    0.8832    0.4129   0.02789   0.01412         0
   168/299     4.53G   0.01387   0.00381         0   0.01768         5       640    0.7991    0.9031    0.8808    0.4126   0.02789   0.01415         0
   169/299     4.53G    0.0141  0.003856         0   0.01796         5       640    0.8033    0.9063     0.891    0.4136   0.02788   0.01416         0
   170/299     4.53G   0.01442   0.00381         0   0.01823         5       640    0.8061    0.9056    0.8915    0.4137   0.02788   0.01417         0
   171/299     4.53G    0.0141  0.003882         0   0.01798         5       640    0.8029    0.9056    0.8917    0.4132   0.02787   0.01416         0
   172/299     4.53G   0.01367  0.003721         0   0.01739         5       640    0.8057    0.9082    0.8931    0.4139   0.02785   0.01419         0
   173/299     4.53G   0.01345  0.003703         0   0.01715         5       640    0.8054    0.9082     0.893    0.4151   0.02783    0.0142         0
   174/299     4.53G   0.01395  0.003683         0   0.01763         5       640    0.8082    0.9082    0.8946    0.4154   0.02782   0.01422         0
   175/299     4.53G   0.01407  0.003729         0    0.0178         5       640    0.8094    0.9082    0.8933    0.4145   0.02781   0.01421         0
   176/299     4.53G   0.01346   0.00374         0    0.0172         5       640    0.8117    0.9056    0.8932    0.4154   0.02781   0.01422         0
   177/299     4.53G   0.01403  0.003747         0   0.01778         5       640     0.807    0.9066    0.8941    0.4146   0.02782   0.01423         0
   178/299     4.53G    0.0141   0.00375         0   0.01785         5       640    0.8084    0.9056    0.8925    0.4152    0.0278   0.01424         0
   179/299     4.53G   0.01403   0.00378         0   0.01781         5       640    0.8069    0.9062    0.8926    0.4144    0.0278   0.01424         0
   180/299     4.53G   0.01331  0.003663         0   0.01698         5       640     0.807    0.9064     0.893    0.4141   0.02779   0.01425         0
   181/299     4.53G   0.01343  0.003629         0   0.01706         5       640    0.8061    0.9056    0.8932    0.4146   0.02777   0.01426         0
   182/299     4.53G   0.01375  0.003661         0   0.01742         5       640    0.8048    0.9056    0.8936     0.414   0.02776   0.01428         0
   183/299     4.53G   0.01349  0.003672         0   0.01716         5       640    0.8056    0.9056    0.8932    0.4139   0.02775    0.0143         0
   184/299     4.53G    0.0134  0.003714         0   0.01712         5       640    0.8054    0.9056    0.8933    0.4144   0.02775   0.01431         0
   185/299     4.53G   0.01314  0.003598         0   0.01674         5       640    0.8059    0.9056    0.8934    0.4144   0.02773   0.01433         0
   186/299     4.53G   0.01316  0.003555         0   0.01672         5       640    0.8085    0.9082    0.8951    0.4146   0.02773   0.01435         0
   187/299     4.53G   0.01339  0.003605         0   0.01699         5       640      0.81    0.9082    0.8952    0.4146   0.02772   0.01436         0
   188/299     4.53G   0.01334  0.003598         0   0.01694         5       640    0.8109    0.9056    0.8953    0.4146   0.02772   0.01438         0
   189/299     4.53G   0.01327  0.003481         0   0.01675         5       640    0.8149    0.9056    0.8953     0.415   0.02773   0.01441         0
   190/299     4.53G   0.01276  0.003488         0   0.01625         5       640    0.8142    0.9056    0.8954    0.4137   0.02773   0.01443         0
   191/299     4.53G    0.0129  0.003478         0   0.01638         5       640    0.8121    0.9043    0.8959    0.4156   0.02772   0.01444         0
   192/299     4.53G   0.01277  0.003526         0    0.0163         5       640    0.8136    0.9031     0.896    0.4154   0.02772   0.01446         0
   193/299     4.53G   0.01284  0.003471         0   0.01632         5       640    0.8132    0.9031    0.8961    0.4155   0.02771   0.01447         0
   194/299     4.53G    0.0133  0.003598         0    0.0169         5       640     0.813    0.9031    0.8963    0.4161    0.0277   0.01447         0
   195/299     4.53G   0.01277  0.003522         0   0.01629         5       640     0.813    0.9031    0.8967     0.416   0.02769   0.01448         0
   196/299     4.53G   0.01237  0.003426         0    0.0158         5       640    0.8132    0.9031     0.897    0.4167   0.02768   0.01448         0
   197/299     4.53G   0.01287  0.003523         0   0.01639         5       640    0.8137    0.9027    0.8971    0.4165   0.02768   0.01448         0
   198/299     4.53G   0.01282  0.003479         0    0.0163         5       640    0.8129    0.9005    0.8974    0.4161   0.02767   0.01449         0
   199/299     4.53G   0.01267  0.003416         0   0.01608         5       640    0.8138    0.9005     0.898    0.4162   0.02765   0.01449         0
   200/299     4.53G   0.01263  0.003461         0    0.0161         5       640    0.8128    0.9005    0.8984     0.417   0.02765    0.0145         0
   201/299     4.53G   0.01275  0.003365         0   0.01612         5       640    0.8135    0.9005    0.8988    0.4176   0.02765   0.01451         0
   202/299     4.53G   0.01248  0.003393         0   0.01587         5       640    0.8127    0.9005     0.899    0.4176   0.02764   0.01452         0
   203/299     4.53G   0.01296  0.003428         0   0.01639         5       640    0.8155    0.9005    0.8989    0.4177   0.02764   0.01454         0
   204/299     4.53G   0.01287  0.003394         0   0.01627         5       640    0.8155    0.9005    0.8991     0.418   0.02764   0.01455         0
   205/299     4.53G   0.01241  0.003391         0   0.01581         5       640    0.8148    0.9005     0.899    0.4185   0.02763   0.01457         0
   206/299     4.53G   0.01253  0.003404         0   0.01594         5       640     0.815    0.9005    0.8989    0.4186   0.02763   0.01458         0
   207/299     4.53G   0.01238  0.003364         0   0.01575         5       640    0.8171    0.9001    0.8989    0.4184   0.02763   0.01459         0
   208/299     4.53G    0.0123  0.003316         0   0.01562         5       640    0.8209    0.9004    0.8989    0.4176   0.02763    0.0146         0
   209/299     4.53G   0.01214  0.003339         0   0.01547         5       640    0.8207     0.899    0.8991    0.4179   0.02763   0.01461         0
   210/299     4.53G    0.0126  0.003311         0   0.01591         5       640    0.8219     0.898    0.8991    0.4184   0.02763   0.01462         0
   211/299     4.53G   0.01263  0.003312         0   0.01594         5       640    0.8215     0.898     0.899    0.4188   0.02762   0.01463         0
   212/299     4.53G   0.01184  0.003276         0   0.01511         5       640    0.8226     0.899    0.8991    0.4183   0.02763   0.01465         0
   213/299     4.53G   0.01203  0.003286         0   0.01532         5       640    0.8228    0.9005    0.8993    0.4186   0.02762   0.01466         0
   214/299     4.53G   0.01225  0.003267         0   0.01552         5       640    0.8226    0.8991    0.8993    0.4186   0.02762   0.01467         0
   215/299     4.53G    0.0121  0.003245         0   0.01534         5       640    0.8226    0.8988    0.8993    0.4181   0.02762   0.01469         0
   216/299     4.53G    0.0119  0.003222         0   0.01512         5       640    0.8226     0.899    0.8992    0.4177   0.02762   0.01471         0
   217/299     4.53G   0.01206   0.00322         0   0.01528         5       640    0.8226    0.8991    0.8994    0.4181   0.02762   0.01472         0
   218/299     4.53G   0.01192  0.003206         0   0.01513         5       640    0.8225    0.8986    0.8994    0.4176   0.02761   0.01474         0
   219/299     4.53G   0.01223  0.003229         0   0.01546         5       640    0.8244    0.8984    0.8995    0.4189   0.02762   0.01475         0
   220/299     4.53G   0.01253  0.003247         0   0.01578         5       640    0.8245    0.8989    0.8994    0.4181   0.02762   0.01476         0
   221/299     4.53G   0.01196  0.003198         0   0.01516         5       640    0.8266    0.8998    0.8997     0.418   0.02763   0.01478         0
   222/299     4.53G   0.01187  0.003192         0   0.01507         5       640    0.8278     0.898    0.8999    0.4176   0.02763    0.0148         0
   223/299     4.53G   0.01148  0.003168         0   0.01464         5       640    0.8286       0.9    0.8999     0.418   0.02764   0.01481         0
   224/299     4.53G   0.01133  0.003096         0   0.01443         5       640    0.8283    0.8983    0.8999    0.4185   0.02764   0.01482         0
   225/299     4.53G   0.01128  0.003086         0   0.01436         5       640    0.8305     0.898    0.9001    0.4187   0.02764   0.01483         0
   226/299     4.53G   0.01127  0.003112         0   0.01438         5       640    0.8315     0.898       0.9    0.4182   0.02764   0.01485         0
   227/299     4.53G   0.01147  0.003109         0   0.01458         5       640     0.832    0.8969    0.8999    0.4176   0.02764   0.01486         0
   228/299     4.53G   0.01132  0.003109         0   0.01443         5       640    0.8319    0.8966       0.9    0.4175   0.02764   0.01488         0
   229/299     4.53G    0.0112  0.003103         0    0.0143         5       640    0.8319    0.8961    0.8999    0.4176   0.02764   0.01489         0
   230/299     4.53G   0.01136  0.003095         0   0.01445         5       640    0.8319    0.8964    0.9002    0.4186   0.02764   0.01491         0
   231/299     4.53G    0.0111  0.003085         0   0.01418         5       640    0.8319    0.8961    0.8999     0.419   0.02764   0.01493         0
   232/299     4.53G   0.01146  0.003079         0   0.01454         5       640    0.8318    0.8955    0.8994     0.418   0.02764   0.01495         0
   233/299     4.53G   0.01115  0.003114         0   0.01426         5       640    0.8321    0.8954    0.8992    0.4188   0.02765   0.01496         0
   234/299     4.53G   0.01118  0.003092         0   0.01427         5       640    0.8338    0.8954    0.8992    0.4185   0.02764   0.01498         0
   235/299     4.53G   0.01137  0.003079         0   0.01445         5       640    0.8323    0.8954     0.899    0.4182   0.02764     0.015         0
   236/299     4.53G   0.01102  0.003023         0   0.01405         5       640    0.8322    0.8954    0.8991    0.4173   0.02764   0.01502         0
   237/299     4.53G   0.01135  0.003046         0   0.01439         5       640    0.8321    0.8954    0.8989     0.417   0.02764   0.01503         0
   238/299     4.53G   0.01127   0.00305         0   0.01432         5       640    0.8326    0.8954    0.8989    0.4168   0.02764   0.01506         0
   239/299     4.53G   0.01109  0.002989         0   0.01408         5       640    0.8322    0.8954    0.8987    0.4173   0.02764   0.01508         0
   240/299     4.53G    0.0108  0.002982         0   0.01378         5       640    0.8326    0.8954    0.8989    0.4173   0.02764    0.0151         0
   241/299     4.53G   0.01096  0.002962         0   0.01392         5       640    0.8336    0.8954    0.8989    0.4176   0.02764   0.01512         0
   242/299     4.53G   0.01086  0.003017         0   0.01388         5       640    0.8324    0.8954    0.8984    0.4179   0.02764   0.01514         0
   243/299     4.53G   0.01103  0.003003         0   0.01404         5       640    0.8324    0.8954    0.8953    0.4162   0.02764   0.01516         0
   244/299     4.53G   0.01096  0.003026         0   0.01398         5       640    0.8326    0.8954     0.899    0.4162   0.02764   0.01518         0
   245/299     4.53G   0.01085  0.002953         0    0.0138         5       640    0.8327    0.8954    0.8988    0.4163   0.02764   0.01521         0
   246/299     4.53G   0.01066  0.002915         0   0.01358         5       640    0.8328    0.8954    0.8987    0.4163   0.02764   0.01523         0
   247/299     4.53G   0.01064  0.002909         0   0.01355         5       640    0.8329    0.8954    0.8987    0.4161   0.02765   0.01525         0
   248/299     4.53G   0.01048  0.002906         0   0.01338         5       640    0.8329    0.8954    0.8952    0.4163   0.02765   0.01527         0
   249/299     4.53G   0.01059  0.002914         0   0.01351         5       640    0.8346    0.8954     0.895    0.4163   0.02764   0.01529         0
   250/299     4.53G   0.01086  0.002945         0   0.01381         5       640    0.8332    0.8929    0.8925    0.4154   0.02765   0.01531         0
   251/299     4.53G    0.0107  0.002921         0   0.01362         5       640    0.8286    0.8878    0.8894    0.4156   0.02765   0.01533         0
   252/299     4.53G   0.01089  0.002918         0   0.01381         5       640    0.8286    0.8878    0.8892    0.4148   0.02765   0.01534         0
   253/299     4.53G   0.01049  0.002951         0   0.01344         5       640    0.8292    0.8878    0.8889    0.4147   0.02766   0.01536         0
   254/299     4.53G   0.01042  0.002889         0   0.01331         5       640    0.8302    0.8878    0.8848    0.4143   0.02766   0.01538         0
   255/299     4.53G   0.01067   0.00289         0   0.01356         5       640    0.8278    0.8829     0.888    0.4146   0.02766    0.0154         0
   256/299     4.53G    0.0106  0.002847         0   0.01344         5       640    0.8283    0.8827    0.8881    0.4152   0.02766   0.01542         0
   257/299     4.53G   0.01089   0.00288         0   0.01377         5       640    0.8315    0.8852    0.8894    0.4156   0.02767   0.01544         0
   258/299     4.53G   0.01076  0.002921         0   0.01368         5       640    0.8319    0.8838     0.889    0.4147   0.02767   0.01546         0
   259/299     4.53G   0.01056  0.002849         0   0.01341         5       640    0.8307    0.8827     0.889    0.4154   0.02767   0.01547         0
   260/299     4.53G   0.01046  0.002879         0   0.01333         5       640    0.8299    0.8801    0.8883    0.4147   0.02767   0.01549         0
   261/299     4.53G   0.01043  0.002862         0   0.01329         5       640    0.8334    0.8827    0.8885    0.4139   0.02768   0.01551         0
   262/299     4.53G   0.01047   0.00283         0    0.0133         5       640     0.836    0.8827    0.8888    0.4149   0.02767   0.01554         0
   263/299     4.53G   0.01087    0.0029         0   0.01377         5       640    0.8374    0.8827    0.8885    0.4152   0.02768   0.01555         0
   264/299     4.53G   0.01059  0.002876         0   0.01346         5       640    0.8362    0.8827    0.8883    0.4155   0.02768   0.01557         0
   265/299     4.53G   0.01049  0.002886         0   0.01338         5       640    0.8358     0.883     0.888    0.4149   0.02768   0.01559         0
   266/299     4.53G   0.01072  0.002838         0   0.01356         5       640    0.8354    0.8801    0.8864     0.415   0.02769   0.01561         0
   267/299     4.53G   0.01033  0.002858         0   0.01319         5       640    0.8394      0.88    0.8867    0.4136    0.0277   0.01563         0
   268/299     4.53G   0.01015  0.002837         0   0.01299         5       640    0.8396    0.8801    0.8877     0.414   0.02769   0.01564         0
   269/299     4.53G   0.01051  0.002812         0   0.01332         5       640    0.8372    0.8776    0.8863    0.4141   0.02769   0.01565         0
   270/299     4.53G   0.01067  0.002849         0   0.01352         5       640    0.8421    0.8827    0.8887    0.4146   0.02769   0.01568         0
   271/299     4.53G   0.01066  0.002887         0   0.01355         5       640    0.8372    0.8776    0.8863    0.4153    0.0277   0.01569         0
   272/299     4.53G   0.01045  0.002859         0   0.01331         5       640    0.8366    0.8776     0.886    0.4144    0.0277    0.0157         0
   273/299     4.53G   0.01019  0.002804         0   0.01299         5       640    0.8395    0.8807    0.8875    0.4141    0.0277   0.01572         0
   274/299     4.53G   0.01005  0.002761         0   0.01281         5       640    0.8375    0.8801    0.8872    0.4134    0.0277   0.01573         0
   275/299     4.53G   0.01008   0.00272         0    0.0128         5       640    0.8372    0.8827    0.8872    0.4154   0.02771   0.01575         0
   276/299     4.53G   0.00988  0.002713         0   0.01259         5       640    0.8353    0.8827    0.8872    0.4155   0.02771   0.01576         0
   277/299     4.53G   0.01004   0.00281         0   0.01285         5       640    0.8379    0.8852    0.8881    0.4151   0.02771   0.01576         0
   278/299     4.53G  0.009793  0.002742         0   0.01254         5       640    0.8358    0.8829    0.8871     0.415   0.02771   0.01578         0
   279/299     4.53G  0.009828   0.00273         0   0.01256         5       640    0.8358    0.8832    0.8871     0.415   0.02771   0.01579         0
   280/299     4.53G   0.01001  0.002759         0   0.01277         5       640    0.8388    0.8852    0.8881     0.414   0.02772   0.01582         0
   281/299     4.53G   0.00994  0.002708         0   0.01265         5       640    0.8362    0.8827    0.8871    0.4139   0.02772   0.01583         0
   282/299     4.53G   0.01009  0.002762         0   0.01285         5       640    0.8359    0.8834    0.8869    0.4152   0.02772   0.01584         0
   283/299     4.53G   0.01004   0.00273         0   0.01277         5       640    0.8381    0.8847    0.8883    0.4155   0.02772   0.01586         0
   284/299     4.53G  0.009919  0.002702         0   0.01262         5       640    0.8358     0.883    0.8871    0.4154   0.02772   0.01587         0
   285/299     4.53G   0.01008  0.002773         0   0.01286         5       640    0.8371    0.8852     0.888     0.416   0.02772   0.01588         0
   286/299     4.53G  0.009927  0.002725         0   0.01265         5       640    0.8384    0.8852     0.888    0.4156   0.02773   0.01591         0
   287/299     4.53G  0.009825  0.002711         0   0.01254         5       640    0.8393    0.8852     0.888     0.415   0.02772   0.01593         0
   288/299     4.53G  0.009956  0.002766         0   0.01272         5       640    0.8397    0.8852    0.8873    0.4147   0.02773   0.01595         0
   289/299     4.53G  0.009894  0.002735         0   0.01263         5       640    0.8393    0.8852    0.8874    0.4153   0.02773   0.01596         0
   290/299     4.53G   0.00971  0.002725         0   0.01243         5       640    0.8401    0.8843    0.8874    0.4152   0.02773   0.01597         0
   291/299     4.53G  0.009807  0.002697         0    0.0125         5       640    0.8421    0.8843    0.8892    0.4156   0.02773   0.01599         0
   292/299     4.53G  0.009776  0.002726         0    0.0125         5       640    0.8418    0.8826    0.8891    0.4157   0.02773   0.01601         0
   293/299     4.53G  0.009718  0.002697         0   0.01241         5       640    0.8419    0.8829    0.8891    0.4159   0.02773   0.01602         0
   294/299     4.53G  0.009811   0.00273         0   0.01254         5       640    0.8443    0.8851    0.8906    0.4158   0.02773   0.01603         0
   295/299     4.53G  0.009901   0.00272         0   0.01262         5       640    0.8461    0.8827      0.89    0.4147   0.02773   0.01605         0
   296/299     4.53G   0.01003  0.002752         0   0.01279         5       640    0.8486    0.8852    0.8912    0.4152   0.02773   0.01606         0
   297/299     4.53G   0.01039  0.002764         0   0.01315         5       640    0.8505    0.8854    0.8922    0.4146   0.02774   0.01607         0
   298/299     4.53G  0.009943  0.002728         0   0.01267         5       640    0.8486    0.8827      0.89    0.4147   0.02773   0.01609         0
   299/299     4.53G  0.009958  0.002715         0   0.01267         5       640    0.8493    0.8852    0.8909    0.4148   0.02774    0.0161         0
