     0/299      4.5G   0.05838   0.01544         0   0.07382        13       640    0.2078   0.02551   0.08187   0.01314   0.06007   0.01846         0
     1/299     4.51G   0.04651   0.01104         0   0.05755        13       640    0.3529    0.5788    0.4068    0.1075   0.04481   0.01711         0
     2/299     4.51G   0.04292   0.01016         0   0.05308        13       640    0.3786    0.6964    0.5628     0.203   0.04122   0.01663         0
     3/299     4.51G   0.04227  0.009546         0   0.05182        13       640    0.5253    0.5408    0.4962    0.1524   0.04815   0.01555         0
     4/299     4.51G   0.04458  0.009421         0   0.05401        13       640    0.2311    0.6505    0.4271    0.1251   0.04356   0.01736         0
     5/299     4.51G   0.04181  0.009626         0   0.05144        13       640    0.2932    0.5077    0.3215   0.08433   0.04939   0.01564         0
     6/299     4.51G   0.04511  0.009549         0   0.05466        13       640    0.1795    0.3878    0.1839   0.04605   0.05296   0.01639         0
     7/299     4.51G   0.04248  0.009655         0   0.05213        13       640    0.3511    0.4949    0.3708    0.1137    0.0476   0.01703         0
     8/299     4.51G   0.04113  0.009403         0   0.05054        13       640    0.5506    0.1403    0.2018   0.06225   0.04715   0.02026         0
     9/299     4.51G   0.04154  0.009703         0   0.05125        13       640    0.2778    0.5077    0.3278   0.08519   0.04895   0.01622         0
    10/299     4.51G   0.04163  0.009737         0   0.05136        13       640    0.2531    0.5454    0.3195   0.07779   0.04671   0.01612         0
    11/299     4.51G   0.03957  0.009378         0   0.04894        13       640    0.3865    0.5434    0.4279    0.1346   0.04649   0.01555         0
    12/299     4.51G   0.04079  0.009581         0   0.05037        13       640    0.2628    0.6582    0.4617    0.1129   0.04811    0.0142         0
    13/299     4.51G   0.03935  0.009336         0   0.04869        13       640    0.4329    0.4847    0.4168    0.1293   0.04162   0.01648         0
    14/299     4.51G   0.03885  0.009118         0   0.04797        13       640    0.2174    0.6327    0.4138     0.123   0.04341   0.01702         0
    15/299     4.51G   0.03765  0.009017         0   0.04666        13       640    0.3958    0.6531    0.5524    0.1856   0.04204   0.01523         0
    16/299     4.51G   0.03788  0.009283         0   0.04716        13       640    0.2333    0.6755    0.4718    0.1586   0.04157   0.01605         0
    17/299     4.51G    0.0357  0.008964         0   0.04466        13       640    0.3493    0.6811    0.5618    0.1756   0.03829   0.01585         0
    18/299     4.51G   0.03436   0.00879         0   0.04315        13       640    0.3644    0.7423    0.6004    0.1755   0.03929   0.01503         0
    19/299     4.51G   0.03465  0.008778         0   0.04342        13       640    0.2451    0.7117    0.5482    0.1894   0.04111   0.01435         0
    20/299     4.51G   0.03551  0.008762         0   0.04427        13       640    0.4533    0.7066    0.6493     0.247   0.03728    0.0151         0
    21/299     4.51G   0.03437  0.008622         0     0.043        13       640    0.4388    0.6939    0.6105    0.2262   0.04062   0.01401         0
    22/299     4.51G     0.033  0.008652         0   0.04166        13       640    0.3032    0.7245    0.5689    0.2077   0.04086   0.01506         0
    23/299     4.51G   0.03431  0.008431         0   0.04274        13       640    0.3697    0.7066    0.5691    0.2008    0.0402    0.0144         0
    24/299     4.51G   0.03347  0.008414         0   0.04189        13       640    0.5179    0.7168    0.6824    0.2302   0.03869   0.01538         0
    25/299     4.51G   0.03429  0.008393         0   0.04268        13       640    0.3524    0.7577    0.6375    0.2028   0.03938   0.01414         0
    26/299     4.51G   0.03139  0.008335         0   0.03972        13       640    0.3816     0.801    0.6889    0.2564   0.03531   0.01576         0
    27/299     4.51G   0.03153  0.008276         0   0.03981        13       640    0.4127    0.7194    0.6053    0.2116   0.03813   0.01447         0
    28/299     4.51G   0.03273  0.008199         0   0.04093        13       640    0.6025    0.7296    0.7032    0.2696   0.03716   0.01428         0
    29/299     4.51G   0.03162  0.008129         0   0.03975        13       640    0.3128    0.7372    0.6156    0.2453   0.03691   0.01456         0
    30/299     4.51G   0.03239  0.008104         0   0.04049        13       640    0.3292     0.773    0.6336    0.2501   0.03648   0.01466         0
    31/299     4.51G   0.03086  0.008281         0   0.03914        13       640    0.5469    0.7041     0.675    0.2422   0.03732     0.015         0
    32/299     4.51G   0.03236  0.008208         0   0.04057        13       640    0.4708    0.7245    0.6353    0.2245   0.03822   0.01545         0
    33/299     4.51G   0.03171  0.008133         0   0.03984        13       640    0.4002    0.7806    0.6778    0.2258   0.03747   0.01433         0
    34/299     4.51G   0.03133  0.008125         0   0.03946        13       640    0.4035     0.761    0.6775    0.2339   0.03943    0.0144         0
    35/299     4.51G   0.03141  0.008133         0   0.03954        13       640    0.4901     0.727    0.6845    0.2519   0.03696   0.01455         0
    36/299     4.51G   0.03144  0.008041         0   0.03949        13       640    0.3622    0.8801    0.7816    0.3279   0.03357   0.01439         0
    37/299     4.51G   0.02932   0.00788         0    0.0372        13       640    0.4873     0.801    0.7029    0.2678   0.03464   0.01373         0
    38/299     4.51G   0.02917  0.007727         0   0.03689        13       640    0.5127    0.7423    0.7347    0.2856   0.03855   0.01424         0
    39/299     4.51G   0.02907  0.007959         0   0.03703        13       640     0.458    0.7066    0.6706    0.2507   0.03691   0.01386         0
    40/299     4.51G   0.03016   0.00776         0   0.03792        13       640    0.3588    0.8367    0.7379    0.3239   0.03395   0.01409         0
    41/299     4.51G   0.02854  0.007722         0   0.03627        13       640    0.5326    0.7653    0.7571    0.3073   0.03523   0.01364         0
    42/299     4.51G   0.02893   0.00759         0   0.03652        13       640    0.4203    0.8061    0.7442    0.2718   0.03621   0.01395         0
    43/299     4.51G   0.02919  0.007392         0   0.03658        13       640    0.4284    0.8878    0.7851    0.2916   0.03734   0.01245         0
    44/299     4.51G   0.02866  0.007448         0   0.03611        13       640    0.4952    0.8163     0.782    0.2897   0.03731   0.01349         0
    45/299     4.51G   0.02837  0.007379         0   0.03575        13       640    0.5456    0.7806    0.7615    0.3021   0.03738   0.01338         0
    46/299     4.51G   0.02763  0.007336         0   0.03496        13       640    0.5656    0.7628    0.7561      0.29   0.03664   0.01437         0
    47/299     4.51G   0.02773  0.007355         0   0.03509        13       640    0.4078    0.7934    0.7007    0.2456   0.03581   0.01337         0
    48/299     4.51G    0.0272  0.007101         0    0.0343        13       640    0.5559    0.7653    0.7504    0.3126   0.03673   0.01337         0
    49/299     4.51G   0.02837  0.007255         0   0.03563        13       640    0.6306     0.727    0.7469    0.2956   0.03521   0.01424         0
    50/299     4.51G   0.02792  0.007297         0   0.03522        13       640    0.5043    0.8495    0.8243    0.3488   0.03441   0.01339         0
    51/299     4.51G   0.02665  0.007078         0   0.03373        13       640    0.5043    0.8061    0.7651    0.3043   0.03507   0.01299         0
    52/299     4.51G   0.02796  0.007092         0   0.03505        13       640    0.4748    0.7474    0.7277    0.2878   0.03687   0.01316         0
    53/299     4.51G   0.02722  0.007158         0   0.03438        13       640    0.5369    0.8393    0.7453    0.2829   0.03434   0.01329         0
    54/299     4.51G   0.02753  0.007202         0   0.03473        13       640    0.4764    0.7398     0.709    0.2501   0.03994   0.01361         0
    55/299     4.51G   0.02837  0.006972         0   0.03534        13       640    0.5376    0.8469    0.8062    0.3059   0.03605   0.01316         0
    56/299     4.51G   0.02626  0.006922         0   0.03318        13       640    0.4004    0.8189    0.7619    0.3206   0.03734   0.01217         0
    57/299     4.51G   0.02642  0.006858         0   0.03328        13       640    0.4366    0.8393    0.7892    0.2939   0.03657   0.01225         0
    58/299     4.51G   0.02643  0.006798         0   0.03323        13       640    0.4678    0.8163     0.778     0.312    0.0358   0.01292         0
    59/299     4.51G    0.0262  0.006783         0   0.03298        13       640    0.5467    0.7883    0.7567    0.2539   0.03618   0.01289         0
    60/299     4.51G   0.02653  0.006895         0   0.03343        13       640     0.551     0.852    0.8105    0.3304   0.03367   0.01345         0
    61/299     4.51G   0.02505  0.006689         0   0.03174        13       640    0.4327    0.8189     0.751    0.2858    0.0374    0.0122         0
    62/299     4.51G   0.02734  0.006851         0   0.03419        13       640    0.5315    0.8087    0.7787    0.3204    0.0359   0.01431         0
    63/299     4.51G   0.02542  0.006778         0   0.03219        13       640    0.3614     0.824    0.7189    0.2395   0.03728   0.01289         0
    64/299     4.51G   0.02603  0.006726         0   0.03276        13       640    0.4057     0.875    0.8151    0.3008   0.03374   0.01341         0
    65/299     4.51G   0.02553  0.006655         0   0.03218        13       640    0.4667    0.8214    0.7649    0.2819   0.03992   0.01244         0
    66/299     4.51G   0.02585  0.006579         0   0.03243        13       640     0.607    0.7985    0.8055    0.3197   0.03371   0.01401         0
    67/299     4.51G   0.02579  0.006535         0   0.03233        13       640    0.4638    0.8364     0.767    0.2714   0.03498   0.01291         0
    68/299     4.51G   0.02627  0.006358         0   0.03263        13       640    0.6532    0.8189    0.8298    0.3354   0.03473   0.01331         0
    69/299     4.51G   0.02593  0.006611         0   0.03254        13       640    0.5249    0.7755    0.7754    0.3253   0.03428   0.01357         0
    70/299     4.51G   0.02538  0.006362         0   0.03174        13       640    0.5795    0.8163    0.8152    0.3023   0.03508   0.01318         0
    71/299     4.51G   0.02478  0.006489         0   0.03127        13       640    0.6052    0.8291    0.7634    0.2584   0.03481   0.01327         0
    72/299     4.51G   0.02455  0.006403         0   0.03095        13       640    0.4503    0.8699    0.7806    0.2966   0.03432   0.01339         0
    73/299     4.51G   0.02379    0.0064         0   0.03019        13       640    0.5838    0.8852    0.8358    0.3064    0.0342   0.01322         0
    74/299     4.51G   0.02349  0.006069         0   0.02956        13       640    0.4727    0.8342    0.8013    0.2914   0.03745   0.01265         0
    75/299     4.51G   0.02492  0.006414         0   0.03133        13       640    0.5571    0.8316    0.7922    0.2883    0.0372   0.01272         0
    76/299     4.51G   0.02536  0.006326         0   0.03168        13       640    0.5065    0.8699    0.8288    0.3277   0.03466    0.0132         0
    77/299     4.51G   0.02454  0.006197         0   0.03074        13       640     0.588    0.8036    0.7972    0.3063   0.03336     0.013         0
    78/299     4.51G   0.02363  0.006256         0   0.02988        13       640    0.5845    0.7959    0.7936    0.3213   0.03513    0.0134         0
    79/299     4.51G   0.02404   0.00619         0   0.03023        13       640    0.6165    0.8648    0.8269    0.3225   0.03475   0.01334         0
    80/299     4.51G   0.02449  0.006203         0    0.0307        13       640    0.5728     0.852    0.8223    0.3264   0.03469   0.01324         0
    81/299     4.51G   0.02337  0.006057         0   0.02943        13       640     0.476    0.8827    0.7818    0.3088   0.03352   0.01233         0
    82/299     4.51G   0.02388  0.005977         0   0.02986        13       640    0.5887    0.8367    0.8355    0.3343   0.03383   0.01378         0
    83/299     4.51G   0.02354   0.00604         0   0.02958        13       640     0.596     0.801    0.8153    0.3373   0.03525   0.01252         0
    84/299     4.51G   0.02495   0.00608         0   0.03103        13       640    0.5759    0.8444    0.8164    0.3375   0.03294   0.01343         0
    85/299     4.51G   0.02491  0.006233         0   0.03114        13       640    0.6312    0.7679    0.8018    0.3118   0.03424    0.0134         0
    86/299     4.51G   0.02254  0.006142         0   0.02868        13       640    0.5077    0.8776     0.827    0.3431   0.03316   0.01282         0
    87/299     4.51G   0.02253  0.005877         0   0.02841        13       640    0.6029    0.8878    0.8509    0.3359   0.03316   0.01264         0
    88/299     4.51G    0.0238  0.005916         0   0.02971        13       640    0.5666    0.8724    0.8502    0.3638    0.0328   0.01306         0
    89/299     4.51G   0.02332  0.005896         0   0.02922        13       640    0.5337     0.875    0.8101    0.3049   0.03394     0.013         0
    90/299     4.51G   0.02327  0.005892         0   0.02916        13       640    0.6661     0.824     0.835    0.3313   0.03427    0.0136         0
    91/299     4.51G   0.02344  0.005682         0   0.02912        13       640    0.4579    0.8367    0.7605    0.3046   0.03487    0.0124         0
    92/299     4.51G    0.0243  0.005931         0   0.03023        13       640    0.7201    0.7398    0.7978     0.331   0.03357   0.01529         0
    93/299     4.51G   0.02305  0.005934         0   0.02899        13       640    0.6161    0.8827    0.8332    0.3433    0.0325   0.01294         0
    94/299     4.51G   0.02312  0.005643         0   0.02876        13       640    0.5622    0.8801    0.8277    0.3609   0.03302   0.01262         0
    95/299     4.51G   0.02188  0.005639         0   0.02752        13       640    0.6928    0.7908    0.8092    0.3113   0.03373   0.01438         0
    96/299     4.51G   0.02214  0.005767         0    0.0279        13       640    0.6792    0.8444    0.8608    0.3647   0.03154   0.01315         0
    97/299     4.51G   0.02311  0.005625         0   0.02874        13       640    0.6722    0.8736    0.8536    0.3719   0.03065   0.01274         0
    98/299     4.51G   0.02216  0.005714         0   0.02787        13       640    0.6657    0.8129    0.8252    0.3445   0.03386   0.01347         0
    99/299     4.51G   0.02208  0.005627         0   0.02771        13       640    0.6698    0.8469    0.8209    0.3375   0.03082   0.01373         0
   100/299     4.51G   0.02341  0.005524         0   0.02893        13       640    0.6584    0.8546    0.8442    0.3552   0.03051   0.01323         0
   101/299     4.51G   0.02209  0.005528         0   0.02762        13       640    0.6337    0.8418     0.817    0.3727   0.03042   0.01335         0
   102/299     4.51G   0.02225  0.005465         0   0.02771        13       640    0.6096    0.8903    0.8577     0.337   0.03246   0.01246         0
   103/299     4.51G   0.02149  0.005403         0   0.02689        13       640    0.6205    0.8342    0.8308    0.3473   0.03174   0.01298         0
   104/299     4.51G   0.02242  0.005512         0   0.02793        13       640    0.6299    0.8827    0.8508    0.3517    0.0317   0.01253         0
   105/299     4.51G   0.02206  0.005391         0   0.02746        13       640    0.6133    0.8393    0.8278    0.3336   0.03213    0.0126         0
   106/299     4.51G   0.02177  0.005443         0   0.02722        13       640     0.747    0.8622    0.8656    0.3948   0.03047   0.01366         0
   107/299     4.51G   0.02274  0.005386         0   0.02812        13       640    0.6186    0.8622     0.834    0.3591   0.03233   0.01275         0
   108/299     4.51G    0.0225  0.005457         0   0.02795        13       640    0.6794     0.852    0.8482    0.4045   0.02919   0.01342         0
   109/299     4.51G   0.02098  0.005251         0   0.02623        13       640    0.6929    0.8289    0.8337    0.3879   0.03002   0.01356         0
   110/299     4.51G   0.02038  0.005243         0   0.02562        13       640     0.787     0.839    0.8814    0.4329    0.0285   0.01337         0
   111/299     4.51G   0.01986  0.005107         0   0.02497        13       640    0.6709    0.8673    0.8443    0.3764   0.02943   0.01301         0
   112/299     4.51G   0.02055  0.005217         0   0.02577        13       640    0.7303     0.852    0.8689    0.4299   0.02881   0.01344         0
   113/299     4.51G   0.02103  0.005203         0   0.02623        13       640    0.6546    0.8571    0.8472     0.365   0.03174   0.01253         0
   114/299     4.51G   0.02206  0.005363         0   0.02742        13       640    0.7662    0.8393    0.8604    0.4019   0.02975   0.01527         0
   115/299     4.51G    0.0219  0.005442         0   0.02734        13       640    0.5567    0.8724    0.8176    0.3572   0.03154   0.01228         0
   116/299     4.51G   0.02093  0.005352         0   0.02628        13       640    0.6776    0.8342     0.843    0.4059    0.0302   0.01323         0
   117/299     4.51G   0.02209  0.005238         0   0.02733        13       640    0.6928    0.8776    0.8775    0.4181   0.02894   0.01243         0
   118/299     4.51G   0.02232  0.005247         0   0.02757        13       640     0.629    0.8622    0.8549    0.4089   0.02956   0.01245         0
   119/299     4.51G   0.02074  0.005216         0   0.02596        13       640    0.7194    0.8801    0.8812    0.4117   0.02843   0.01237         0
   120/299     4.51G   0.02004  0.005229         0   0.02527        13       640    0.6686    0.8673    0.8378    0.3993   0.02917   0.01317         0
   121/299     4.51G   0.02112  0.005099         0   0.02622        13       640    0.6099    0.9005    0.8538    0.4035    0.0293   0.01186         0
   122/299     4.51G   0.02009  0.005082         0   0.02517        13       640    0.7054    0.8622    0.8851    0.4078   0.02919   0.01289         0
   123/299     4.51G   0.02082  0.005086         0    0.0259        13       640    0.7282    0.8801    0.8865    0.4354   0.02818   0.01257         0
   124/299     4.51G   0.02005  0.004974         0   0.02503        13       640    0.6699    0.9235    0.8891    0.4388   0.02814   0.01253         0
   125/299     4.51G   0.01999  0.005004         0     0.025        13       640    0.7203    0.8801    0.8882    0.4221   0.02874   0.01281         0
   126/299     4.51G   0.02071  0.004855         0   0.02556        13       640    0.6634    0.8571    0.8806    0.4312     0.029   0.01279         0
   127/299     4.51G   0.01999  0.004949         0   0.02494        13       640    0.7301     0.875    0.8849    0.4325   0.02842   0.01243         0
   128/299     4.51G   0.02124  0.004802         0   0.02604        13       640    0.6844    0.8801    0.8676    0.4171   0.03003   0.01247         0
   129/299     4.51G   0.02155  0.005075         0   0.02662        13       640    0.7105     0.898    0.8877    0.4282   0.02863   0.01247         0
   130/299     4.52G   0.02221  0.004965         0   0.02718        13       640    0.6626    0.8619     0.831    0.3861   0.03159   0.01267         0
   131/299     4.52G   0.02232  0.005086         0   0.02741        13       640    0.6742    0.9107     0.885    0.4279    0.0293   0.01229         0
   132/299     4.52G   0.02164  0.005054         0   0.02669        13       640    0.7557    0.9082    0.9154    0.4661   0.02757   0.01231         0
   133/299     4.52G   0.01921  0.004874         0   0.02409        13       640    0.7127     0.852    0.8675    0.4127   0.02941   0.01277         0
   134/299     4.52G   0.02001  0.004876         0   0.02488        13       640    0.7582    0.9158    0.9157    0.4454   0.02819   0.01255         0
   135/299     4.52G   0.02146  0.004896         0   0.02635        13       640    0.7093    0.9031    0.8871    0.4548   0.02869   0.01225         0
   136/299     4.52G   0.02061  0.005293         0   0.02591        13       640    0.7649     0.898     0.905    0.4559   0.02737   0.01254         0
   137/299     4.52G   0.02037  0.004986         0   0.02535        13       640    0.7588    0.9133    0.9021    0.4376   0.02801   0.01242         0
   138/299     4.52G   0.01956  0.004987         0   0.02455        13       640    0.7778    0.9133    0.9054    0.4472   0.02829   0.01252         0
   139/299     4.52G   0.01918  0.004797         0   0.02398        13       640    0.7473    0.9128    0.8994    0.4558   0.02726   0.01225         0
   140/299     4.52G   0.02048   0.00474         0   0.02522        13       640    0.8173    0.8776    0.9076    0.4757   0.02693   0.01293         0
   141/299     4.52G   0.01914  0.004747         0   0.02388        13       640    0.7768    0.9056    0.9091    0.4662   0.02683   0.01266         0
   142/299     4.52G   0.01911  0.004632         0   0.02375        13       640    0.7472     0.875     0.886    0.4558   0.02737   0.01294         0
   143/299     4.52G   0.01863  0.004621         0   0.02325        13       640     0.783    0.8699    0.8956    0.4564   0.02745   0.01323         0
   144/299     4.52G   0.01817  0.004615         0   0.02278        13       640    0.8041    0.8597    0.8932    0.4542     0.027   0.01338         0
   145/299     4.52G   0.01847  0.004524         0     0.023        13       640    0.7536    0.9056    0.9046    0.4605   0.02719   0.01255         0
   146/299     4.52G    0.0178  0.004552         0   0.02235        13       640    0.8107     0.875     0.894    0.4591   0.02729   0.01311         0
   147/299     4.52G   0.01962  0.004445         0   0.02407        13       640    0.7788    0.8801     0.898    0.4423   0.02762    0.0132         0
   148/299     4.52G   0.01897  0.004599         0   0.02357        13       640    0.8004    0.9133    0.9245     0.471   0.02675    0.0125         0
   149/299     4.52G   0.02066  0.004647         0    0.0253        13       640    0.7527     0.893    0.8975    0.4424    0.0279   0.01272         0
   150/299     4.52G   0.01945  0.004653         0   0.02411        13       640    0.7972    0.8801    0.9063    0.4604   0.02803   0.01269         0
   151/299     4.52G   0.01848  0.004502         0   0.02298        13       640     0.741    0.9337    0.9155    0.4681   0.02778   0.01251         0
   152/299     4.52G   0.01843  0.004504         0   0.02293        13       640     0.787    0.8903    0.8993    0.4664   0.02687   0.01274         0
   153/299     4.52G   0.01797  0.004486         0   0.02245        13       640    0.8036    0.8979    0.8992    0.4628   0.02762   0.01307         0
   154/299     4.52G   0.01832  0.004435         0   0.02275        13       640    0.8163     0.875    0.8976    0.4595   0.02743   0.01302         0
   155/299     4.52G   0.01813  0.004451         0   0.02258        13       640    0.8119    0.8852    0.9068    0.4619   0.02753   0.01336         0
   156/299     4.52G   0.01952  0.004518         0   0.02403        13       640    0.7743    0.8929    0.9047    0.4756   0.02692   0.01307         0
   157/299     4.52G   0.01798  0.004581         0   0.02256        13       640    0.7788    0.8954    0.9128    0.4614   0.02715   0.01274         0
   158/299     4.52G    0.0182  0.004506         0   0.02271        13       640    0.8049    0.9133    0.9321    0.4747   0.02668   0.01243         0
   159/299     4.52G    0.0198  0.004435         0   0.02424        13       640    0.8051     0.875    0.9143    0.4547   0.02712    0.0135         0
   160/299     4.52G   0.01841  0.004605         0   0.02302        13       640     0.805    0.9031     0.912    0.4447   0.02726   0.01304         0
   161/299     4.52G    0.0182  0.004475         0   0.02267        13       640    0.7966    0.9091     0.915    0.4597   0.02765   0.01276         0
   162/299     4.52G    0.0181  0.004472         0   0.02257        13       640    0.7926    0.8903    0.9133    0.4631   0.02699   0.01261         0
   163/299     4.52G     0.018  0.004493         0   0.02249        13       640    0.7698    0.9082    0.9198    0.4747    0.0268   0.01238         0
   164/299     4.52G   0.01853  0.004392         0   0.02292        13       640    0.7925    0.8903    0.9169    0.4622   0.02683   0.01295         0
   165/299     4.52G   0.01786  0.004378         0   0.02224        13       640    0.7879    0.9107    0.9222    0.4655   0.02657   0.01309         0
   166/299     4.52G   0.01757  0.004322         0   0.02189        13       640    0.7555    0.8903    0.8948    0.4614   0.02703   0.01287         0
   167/299     4.52G   0.01698  0.004262         0   0.02124        13       640    0.7917    0.8824    0.9093    0.4607   0.02683   0.01294         0
   168/299     4.52G   0.01715  0.004224         0   0.02138        13       640    0.8198    0.8878    0.9119    0.4633   0.02701   0.01315         0
   169/299     4.52G   0.02035  0.004313         0   0.02466        13       640    0.8221    0.8929    0.9172    0.4468   0.02789   0.01329         0
   170/299     4.52G   0.01902  0.004404         0   0.02343        13       640    0.7894     0.899    0.9108    0.4662   0.02733   0.01311         0
   171/299     4.52G   0.01751  0.004268         0   0.02178        13       640    0.7742    0.9095    0.9073    0.4626   0.02677   0.01315         0
   172/299     4.52G   0.01733  0.004307         0   0.02164        13       640    0.7635    0.9184    0.9166    0.4607   0.02687   0.01333         0
   173/299     4.52G    0.0171  0.004198         0    0.0213        13       640    0.8265    0.9031     0.915    0.4551   0.02724   0.01394         0
   174/299     4.52G   0.01771  0.004278         0   0.02198        13       640    0.8058    0.8801    0.8974    0.4557   0.02758   0.01409         0
   175/299     4.52G   0.01924  0.004412         0   0.02365        13       640    0.8105    0.8728    0.8931    0.4507   0.02748   0.01408         0
   176/299     4.52G   0.01819  0.004427         0   0.02262        13       640    0.7962    0.8868    0.8931    0.4542   0.02686    0.0138         0
   177/299     4.52G   0.01813  0.004533         0   0.02266        13       640    0.8142    0.8498    0.8972    0.4449   0.02719   0.01434         0
   178/299     4.52G   0.01822  0.004603         0   0.02283        13       640    0.8543    0.8827    0.9255    0.4614    0.0269   0.01386         0
   179/299     4.52G   0.01923  0.004672         0   0.02391        13       640    0.8405    0.8724    0.9197    0.4665   0.02699   0.01363         0
   180/299     4.52G   0.01856  0.004446         0   0.02301        13       640    0.8336    0.8648    0.8947     0.461    0.0272   0.01366         0
   181/299     4.52G   0.01801  0.004324         0   0.02234        13       640    0.8092    0.8776    0.8962     0.462   0.02711   0.01336         0
   182/299     4.52G   0.01714  0.004265         0    0.0214        13       640    0.8431    0.8699    0.9018    0.4625   0.02723    0.0137         0
   183/299     4.52G   0.01943  0.004045         0   0.02348        13       640    0.8595    0.8739    0.9059    0.4644   0.02734   0.01335         0
   184/299     4.52G   0.01674  0.004237         0   0.02098        13       640    0.8445    0.8588    0.8908    0.4515   0.02754   0.01369         0
   185/299     4.52G   0.01612  0.004052         0   0.02017        13       640    0.8353    0.8724     0.905    0.4617   0.02724   0.01377         0
   186/299     4.52G   0.01654  0.004055         0   0.02059        13       640    0.8617    0.8422    0.9066    0.4767   0.02692   0.01416         0
   187/299     4.52G   0.01696  0.004052         0   0.02102        13       640    0.8206    0.8852    0.9065    0.4665   0.02685   0.01392         0
   188/299     4.52G   0.01723  0.004063         0   0.02129        13       640     0.834    0.8717    0.9071    0.4593   0.02696     0.014         0
   189/299     4.52G   0.01742  0.004076         0   0.02149        13       640    0.8266    0.8597    0.9009    0.4564    0.0267    0.0139         0
   190/299     4.52G   0.01554  0.003973         0   0.01951        13       640    0.8167    0.8864    0.9032     0.476   0.02648   0.01355         0
   191/299     4.52G   0.01593  0.003979         0   0.01991        13       640    0.8401    0.8648    0.9092    0.4805   0.02623   0.01369         0
   192/299     4.52G   0.01584  0.003925         0   0.01977        13       640    0.8233    0.8673    0.9048    0.4908   0.02603   0.01355         0
   193/299     4.52G   0.01608  0.003961         0   0.02005        13       640    0.8278    0.8903    0.9156    0.4888   0.02617   0.01331         0
   194/299     4.52G     0.016  0.003968         0   0.01997        13       640    0.8536    0.8926     0.924    0.4915   0.02626   0.01344         0
   195/299     4.52G   0.01756  0.004051         0   0.02161        13       640    0.8299    0.8878    0.9076    0.4799   0.02637   0.01354         0
   196/299     4.52G    0.0162   0.00404         0   0.02024        13       640    0.8417    0.8929    0.9157    0.4879   0.02652   0.01357         0
   197/299     4.52G   0.01789  0.003938         0   0.02183        13       640      0.83    0.8593    0.9042    0.4758   0.02679   0.01408         0
   198/299     4.52G   0.01716  0.003979         0   0.02114        13       640    0.8464    0.8857    0.9176    0.4778   0.02674   0.01366         0
   199/299     4.52G   0.01897  0.004033         0     0.023        13       640    0.8138     0.898    0.9124    0.4787   0.02705   0.01322         0
   200/299     4.52G   0.01585  0.003894         0   0.01975        13       640    0.8327    0.9031    0.9258    0.4824   0.02649   0.01343         0
   201/299     4.52G   0.01697  0.003992         0   0.02097        13       640    0.8226    0.8878     0.909    0.4803   0.02654    0.0138         0
   202/299     4.52G   0.01614  0.003807         0   0.01995        13       640    0.8035    0.8827    0.8976    0.4733   0.02672   0.01409         0
   203/299     4.52G   0.01583  0.003919         0   0.01975        13       640    0.8111     0.875    0.8991    0.4686    0.0268   0.01416         0
   204/299     4.52G   0.01759  0.003804         0    0.0214        13       640    0.8335    0.8942    0.9136    0.4685   0.02692   0.01409         0
   205/299     4.52G   0.01615  0.003943         0    0.0201        13       640    0.8016    0.8827    0.9008    0.4666   0.02706   0.01413         0
   206/299     4.52G   0.01586  0.003875         0   0.01974        13       640    0.8389    0.9082    0.9221    0.4685   0.02685   0.01419         0
   207/299     4.52G   0.01772  0.003917         0   0.02164        13       640     0.852    0.8903    0.9196    0.4686   0.02692   0.01461         0
   208/299     4.52G   0.01618  0.004204         0   0.02038        13       640    0.8526    0.8597    0.9107    0.4652   0.02701   0.01492         0
   209/299     4.52G   0.01922  0.003916         0   0.02314        13       640    0.8279    0.8716    0.9091    0.4671   0.02738   0.01455         0
   210/299     4.52G   0.01627  0.003955         0   0.02023        13       640    0.7994    0.8801    0.9068    0.4638   0.02696   0.01419         0
   211/299     4.52G   0.01535  0.003825         0   0.01918        13       640    0.8184     0.875    0.9081    0.4683   0.02676    0.0143         0
   212/299     4.52G   0.01448   0.00377         0   0.01825        13       640    0.8361    0.8776    0.9136    0.4694   0.02666   0.01444         0
   213/299     4.52G   0.01602  0.003685         0   0.01971        13       640    0.8171    0.8622     0.905    0.4639   0.02667   0.01449         0
   214/299     4.52G   0.01565  0.003744         0   0.01939        13       640     0.812    0.8592    0.9046    0.4638   0.02692   0.01474         0
   215/299     4.52G   0.01578  0.003803         0   0.01958        13       640    0.8328    0.8641    0.9074    0.4701   0.02665   0.01464         0
   216/299     4.52G   0.01636  0.003752         0   0.02011        13       640    0.8208    0.8673    0.9097    0.4658   0.02669   0.01464         0
   217/299     4.52G   0.01587  0.003679         0   0.01955        13       640    0.8294    0.8878    0.9109    0.4658   0.02671   0.01466         0
   218/299     4.52G   0.01563  0.003791         0   0.01942        13       640    0.7862     0.875    0.9019    0.4583   0.02695   0.01491         0
   219/299     4.52G   0.01701  0.003899         0   0.02091        13       640    0.8392    0.8673    0.9106    0.4674   0.02681   0.01449         0
   220/299     4.52G   0.01564  0.003836         0   0.01948        13       640     0.859    0.8673    0.9174    0.4729   0.02675   0.01429         0
   221/299     4.52G   0.01587   0.00378         0   0.01965        13       640    0.8458    0.8673    0.9119    0.4708   0.02679   0.01441         0
   222/299     4.52G    0.0153  0.003705         0     0.019        13       640    0.8345    0.8776     0.909    0.4695    0.0268   0.01442         0
   223/299     4.52G    0.0159  0.003702         0    0.0196        13       640    0.8619    0.8758    0.9159    0.4681   0.02699   0.01447         0
   224/299     4.52G     0.015   0.00368         0   0.01868        13       640    0.8499     0.875     0.919    0.4679   0.02677   0.01448         0
   225/299     4.52G   0.01536  0.003626         0   0.01899        13       640    0.8627    0.8724    0.9086    0.4662   0.02663    0.0148         0
   226/299     4.52G   0.01497  0.003746         0   0.01871        13       640    0.8552    0.8673    0.9018    0.4652   0.02673   0.01475         0
   227/299     4.52G   0.01522  0.003623         0   0.01885        13       640    0.8538    0.8639    0.9056     0.464   0.02659   0.01463         0
   228/299     4.52G   0.01513  0.003505         0   0.01863        13       640    0.8355    0.8724    0.9025    0.4639   0.02656   0.01467         0
   229/299     4.52G   0.01523   0.00359         0   0.01882        13       640     0.836    0.8801    0.9042    0.4649   0.02653   0.01467         0
   230/299     4.52G   0.01494  0.003598         0   0.01854        13       640    0.8369    0.8648    0.9034    0.4624   0.02661     0.015         0
   231/299     4.52G   0.01389  0.003601         0   0.01749        13       640    0.7905     0.875    0.8982    0.4608    0.0267   0.01504         0
   232/299     4.52G   0.01362   0.00349         0   0.01711        13       640    0.6812    0.8887    0.8916     0.457   0.02671   0.01504         0
   233/299     4.52G   0.01362  0.003477         0    0.0171        13       640      0.68    0.8673     0.886    0.4521   0.02684   0.01522         0
   234/299     4.52G   0.01455  0.003468         0   0.01802        13       640    0.7268    0.8724    0.8948    0.4564   0.02695   0.01524         0
   235/299     4.52G   0.01576  0.003533         0   0.01929        13       640    0.7529    0.8628    0.8912    0.4566   0.02689   0.01522         0
   236/299     4.52G   0.01599  0.003588         0   0.01958        13       640    0.7639     0.875    0.8976    0.4536   0.02706   0.01504         0
   237/299     4.52G   0.01788   0.00369         0   0.02157        13       640    0.7692    0.8842    0.8992    0.4581   0.02718   0.01488         0
   238/299     4.52G   0.01674  0.003824         0   0.02056        13       640    0.8117    0.8903    0.8991    0.4614    0.0273   0.01467         0
   239/299     4.52G   0.01688  0.003697         0   0.02058        13       640    0.8568     0.898     0.904    0.4659    0.0272   0.01453         0
   240/299     4.52G   0.01653  0.003647         0   0.02018        13       640    0.8513    0.8827    0.9008    0.4623   0.02745   0.01464         0
   241/299     4.52G   0.01871  0.003603         0   0.02232        13       640    0.8594    0.8885    0.9129    0.4614   0.02762    0.0148         0
   242/299     4.52G   0.01515  0.003653         0    0.0188        13       640    0.8587    0.8837    0.9098    0.4675   0.02721   0.01488         0
   243/299     4.52G   0.01455  0.003415         0   0.01797        13       640    0.8585     0.882     0.908    0.4653   0.02703   0.01478         0
   244/299     4.52G   0.01346  0.003369         0   0.01683        13       640    0.8463    0.8801     0.906    0.4669   0.02691   0.01474         0
   245/299     4.52G   0.01341  0.003337         0   0.01675        13       640    0.8392    0.8776     0.903    0.4636   0.02703   0.01485         0
   246/299     4.52G   0.01399  0.003354         0   0.01735        13       640    0.8437    0.8801    0.9022    0.4691   0.02699   0.01495         0
   247/299     4.52G   0.01423  0.003342         0   0.01757        13       640    0.8575    0.8852    0.9017    0.4697   0.02694   0.01504         0
   248/299     4.52G   0.01429  0.003371         0   0.01766        13       640    0.8628    0.8825    0.9017    0.4713   0.02681   0.01523         0
   249/299     4.52G   0.01465  0.003388         0   0.01804        13       640    0.8668    0.8878    0.9116    0.4741   0.02689   0.01514         0
   250/299     4.52G   0.01498  0.003438         0   0.01842        13       640    0.8531     0.889    0.9078    0.4786   0.02677    0.0152         0
   251/299     4.52G   0.01413  0.003389         0   0.01752        13       640    0.8525    0.8852    0.9104    0.4759    0.0269   0.01515         0
   252/299     4.52G   0.01468  0.003397         0   0.01807        13       640    0.8568    0.8852    0.9107    0.4772   0.02676   0.01516         0
   253/299     4.52G   0.01322  0.003282         0    0.0165        13       640    0.8559    0.8878    0.9058    0.4762   0.02673   0.01514         0
   254/299     4.52G   0.01325  0.003218         0   0.01647        13       640    0.8515    0.8924    0.9039    0.4791   0.02666   0.01524         0
   255/299     4.52G   0.01315  0.003326         0   0.01648        13       640    0.8529    0.8852    0.9092    0.4803   0.02667   0.01533         0
   256/299     4.52G   0.01319  0.003278         0   0.01646        13       640    0.8442    0.8827    0.9044    0.4811   0.02663    0.0153         0
   257/299     4.52G   0.01362  0.003343         0   0.01696        13       640    0.8533    0.8852    0.9132    0.4812   0.02682   0.01526         0
   258/299     4.52G   0.01442  0.003289         0    0.0177        13       640    0.8517    0.8801    0.9056    0.4792   0.02675   0.01523         0
   259/299     4.52G   0.01388  0.003349         0   0.01723        13       640    0.8546    0.8903     0.914    0.4794   0.02675   0.01521         0
   260/299     4.52G   0.01374  0.003337         0   0.01707        13       640    0.8635    0.8852    0.9143    0.4814   0.02661   0.01525         0
   261/299     4.52G   0.01269  0.003249         0   0.01594        13       640    0.8577    0.8929     0.914    0.4778   0.02658   0.01516         0
   262/299     4.52G   0.01239  0.003177         0   0.01556        13       640    0.8606    0.8878    0.9017    0.4764   0.02654   0.01524         0
   263/299     4.52G   0.01269  0.003248         0   0.01594        13       640    0.8652    0.8878    0.9065    0.4753   0.02663    0.0153         0
   264/299     4.52G   0.01348  0.003207         0   0.01669        13       640    0.8703    0.8929    0.9139    0.4763   0.02667   0.01541         0
   265/299     4.52G   0.01294  0.003295         0   0.01623        13       640    0.8755    0.8929    0.9095    0.4752   0.02681   0.01552         0
   266/299     4.52G   0.01342  0.003191         0   0.01661        13       640    0.8754    0.8954    0.9138    0.4761   0.02683   0.01545         0
   267/299     4.52G   0.01326  0.003205         0   0.01647        13       640    0.8816    0.8924    0.9133     0.475   0.02697   0.01556         0
   268/299     4.52G   0.01377  0.003196         0   0.01696        13       640    0.8802    0.8929    0.9151    0.4766   0.02693   0.01541         0
   269/299     4.52G   0.01321  0.003173         0   0.01638        13       640    0.8816    0.9005    0.9182    0.4751   0.02696   0.01546         0
   270/299     4.52G   0.01325  0.003159         0   0.01641        13       640    0.8857    0.8895    0.9188    0.4809   0.02688    0.0155         0
   271/299     4.52G   0.01334  0.003193         0   0.01654        13       640    0.8921    0.8858    0.9205    0.4815   0.02693   0.01559         0
   272/299     4.52G   0.01459  0.003181         0   0.01777        13       640    0.8872    0.8852    0.9226     0.479   0.02698   0.01556         0
   273/299     4.52G   0.01327  0.003169         0   0.01644        13       640    0.9012    0.8841    0.9217    0.4811   0.02698   0.01568         0
   274/299     4.52G   0.01323  0.003156         0   0.01639        13       640    0.9007    0.8852    0.9243    0.4833   0.02677   0.01562         0
   275/299     4.52G   0.01233  0.003175         0    0.0155        13       640    0.9005    0.8776    0.9217    0.4835   0.02673   0.01574         0
   276/299     4.52G    0.0125  0.003115         0   0.01561        13       640    0.8991    0.8776    0.9211    0.4836   0.02676   0.01574         0
   277/299     4.52G   0.01219  0.003048         0   0.01523        13       640     0.889    0.8724    0.9177    0.4856   0.02673    0.0158         0
   278/299     4.52G   0.01279  0.003106         0   0.01589        13       640     0.892     0.875    0.9139    0.4826    0.0267    0.0158         0
   279/299     4.52G   0.01255  0.003114         0   0.01566        13       640    0.8905    0.8716    0.9174    0.4825   0.02677   0.01586         0
   280/299     4.52G   0.01187  0.003046         0   0.01491        13       640    0.8838    0.8729    0.9147    0.4798   0.02678   0.01586         0
   281/299     4.52G   0.01248  0.003131         0   0.01561        13       640     0.886     0.872    0.9147    0.4816   0.02677   0.01587         0
   282/299     4.52G   0.01418  0.003112         0   0.01729        13       640    0.8832    0.8679    0.9148    0.4836   0.02665   0.01593         0
   283/299     4.52G   0.01264   0.00322         0   0.01586        13       640    0.8761     0.866    0.9164    0.4826   0.02662   0.01592         0
   284/299     4.52G   0.01282  0.003066         0   0.01589        13       640    0.8856    0.8903    0.9235    0.4798   0.02655   0.01574         0
   285/299     4.52G   0.01185  0.003102         0   0.01495        13       640    0.8874    0.8842    0.9233    0.4816    0.0265    0.0157         0
   286/299     4.52G   0.01327  0.003074         0   0.01635        13       640    0.8863    0.8753    0.9231    0.4829   0.02648    0.0157         0
   287/299     4.52G   0.01205  0.003108         0   0.01516        13       640    0.8849     0.875    0.9213    0.4825   0.02642   0.01573         0
   288/299     4.52G   0.01266  0.003088         0   0.01575        13       640    0.8885    0.8827    0.9243     0.482   0.02634   0.01568         0
   289/299     4.52G   0.01188  0.003063         0   0.01494        13       640    0.8888     0.877     0.923    0.4845   0.02637   0.01578         0
   290/299     4.52G   0.01158  0.003052         0   0.01463        13       640    0.8853    0.8801    0.9226    0.4838   0.02632   0.01573         0
   291/299     4.52G   0.01076  0.002996         0   0.01375        13       640    0.8869    0.8827     0.923    0.4847   0.02631   0.01571         0
   292/299     4.52G   0.01063  0.003048         0   0.01368        13       640    0.8806    0.8827    0.9224    0.4833   0.02628   0.01579         0
   293/299     4.52G   0.01082  0.003011         0   0.01383        13       640    0.8807    0.8827    0.9229     0.485   0.02627   0.01578         0
   294/299     4.52G   0.01138  0.003047         0   0.01443        13       640    0.8784    0.8843    0.9225    0.4853   0.02625   0.01582         0
   295/299     4.52G    0.0113  0.003016         0   0.01432        13       640     0.871    0.8787    0.9218    0.4854   0.02627   0.01587         0
   296/299     4.52G   0.01154  0.003011         0   0.01455        13       640    0.8688     0.875    0.9204    0.4874   0.02623   0.01594         0
   297/299     4.52G   0.01103  0.003053         0   0.01408        13       640    0.8622    0.8699    0.9205    0.4878   0.02626   0.01596         0
   298/299     4.52G   0.01148  0.003118         0    0.0146        13       640    0.8674     0.868    0.9199    0.4861   0.02628   0.01599         0
   299/299     4.52G   0.01142  0.003104         0   0.01452        13       640    0.8696    0.8677     0.921    0.4848   0.02634     0.016         0
